 -0.43333333333333335        1.0000000000000000     
 -0.43888888888888888       0.99504950495049505     
 -0.44444444444444442       0.99009900990099009     
 -0.44444444444444442       0.98514851485148514     
 -0.44444444444444442       0.98019801980198018     
 -0.45000000000000001       0.97524752475247523     
 -0.45000000000000001       0.97029702970297027     
 -0.45555555555555555       0.96534653465346532     
 -0.45555555555555555       0.96039603960396036     
 -0.46111111111111114       0.95544554455445541     
 -0.46111111111111114       0.95049504950495045     
 -0.46666666666666667       0.94554455445544550     
 -0.46666666666666667       0.94059405940594054     
 -0.46666666666666667       0.93564356435643570     
 -0.46666666666666667       0.93069306930693074     
 -0.47222222222222221       0.92574257425742579     
 -0.47222222222222221       0.92079207920792083     
 -0.47222222222222221       0.91584158415841588     
 -0.47777777777777780       0.91089108910891092     
 -0.47777777777777780       0.90594059405940597     
 -0.48333333333333334       0.90099009900990101     
 -0.48333333333333334       0.89603960396039606     
 -0.48333333333333334       0.89108910891089110     
 -0.48333333333333334       0.88613861386138615     
 -0.48888888888888887       0.88118811881188119     
 -0.48888888888888887       0.87623762376237624     
 -0.49444444444444446       0.87128712871287128     
 -0.49444444444444446       0.86633663366336633     
 -0.49444444444444446       0.86138613861386137     
 -0.49444444444444446       0.85643564356435642     
 -0.50000000000000000       0.85148514851485146     
 -0.50000000000000000       0.84653465346534651     
 -0.50000000000000000       0.84158415841584155     
 -0.50000000000000000       0.83663366336633660     
 -0.50000000000000000       0.83168316831683164     
 -0.50000000000000000       0.82673267326732669     
 -0.50000000000000000       0.82178217821782173     
 -0.50000000000000000       0.81683168316831678     
 -0.50000000000000000       0.81188118811881194     
 -0.50000000000000000       0.80693069306930698     
 -0.50000000000000000       0.80198019801980203     
 -0.49444444444444446       0.79702970297029707     
 -0.49444444444444446       0.79207920792079212     
 -0.48888888888888887       0.78712871287128716     
 -0.48333333333333334       0.78217821782178221     
 -0.47777777777777780       0.78217821782178221     
 -0.47222222222222221       0.78217821782178221     
 -0.46666666666666667       0.78217821782178221     
 -0.46111111111111114       0.78712871287128716     
 -0.45555555555555555       0.78712871287128716     
 -0.45000000000000001       0.79207920792079212     
 -0.44444444444444442       0.79702970297029707     
 -0.43888888888888888       0.80198019801980203     
 -0.43333333333333335       0.80198019801980203     
 -0.42777777777777781       0.80693069306930698     
 -0.42222222222222222       0.81188118811881194     
 -0.41666666666666669       0.81188118811881194     
 -0.41111111111111109       0.81683168316831678     
 -0.40555555555555556       0.81683168316831678     
 -0.40000000000000002       0.81683168316831678     
 -0.39444444444444443       0.81683168316831678     
 -0.38888888888888890       0.81683168316831678     
 -0.38333333333333330       0.81188118811881194     
 -0.37777777777777777       0.80693069306930698     
 -0.37777777777777777       0.80198019801980203     
 -0.37222222222222223       0.79702970297029707     
 -0.37222222222222223       0.79207920792079212     
 -0.37222222222222223       0.78712871287128716     
 -0.37222222222222223       0.78217821782178221     
 -0.37222222222222223       0.77722772277227725     
 -0.37222222222222223       0.77227722772277230     
 -0.37222222222222223       0.76732673267326734     
 -0.37222222222222223       0.76237623762376239     
 -0.37222222222222223       0.75742574257425743     
 -0.37222222222222223       0.75247524752475248     
 -0.37222222222222223       0.74752475247524752     
 -0.37777777777777777       0.74257425742574257     
 -0.37777777777777777       0.73762376237623761     
 -0.37777777777777777       0.73267326732673266     
 -0.37777777777777777       0.72772277227722770     
 -0.37777777777777777       0.72277227722772275     
 -0.37777777777777777       0.71782178217821779     
 -0.38333333333333330       0.71287128712871284     
 -0.38333333333333330       0.70792079207920788     
 -0.38333333333333330       0.70297029702970293     
 -0.38333333333333330       0.69801980198019797     
 -0.38333333333333330       0.69306930693069302     
 -0.38888888888888890       0.68811881188118806     
 -0.38888888888888890       0.68316831683168322     
 -0.38888888888888890       0.67821782178217827     
 -0.38888888888888890       0.67326732673267331     
 -0.38888888888888890       0.66831683168316836     
 -0.38888888888888890       0.66336633663366340     
 -0.38888888888888890       0.65841584158415845     
 -0.39444444444444443       0.65346534653465349     
 -0.39444444444444443       0.64851485148514854     
 -0.39444444444444443       0.64356435643564358     
 -0.39444444444444443       0.63861386138613863     
 -0.39444444444444443       0.63366336633663367     
 -0.39444444444444443       0.62871287128712872     
 -0.39444444444444443       0.62376237623762376     
 -0.39444444444444443       0.61881188118811881     
 -0.39444444444444443       0.61386138613861385     
 -0.39444444444444443       0.60891089108910890     
 -0.38888888888888890       0.60396039603960394     
 -0.38888888888888890       0.59900990099009899     
 -0.38888888888888890       0.59405940594059403     
 -0.38888888888888890       0.58910891089108908     
 -0.38888888888888890       0.58415841584158412     
 -0.38888888888888890       0.57920792079207917     
 -0.38888888888888890       0.57425742574257421     
 -0.38333333333333330       0.56930693069306926     
 -0.38333333333333330       0.56435643564356430     
 -0.38333333333333330       0.55940594059405946     
 -0.37777777777777777       0.55445544554455450     
 -0.37777777777777777       0.54950495049504955     
 -0.37222222222222223       0.54455445544554459     
 -0.37222222222222223       0.53960396039603964     
 -0.37222222222222223       0.53465346534653468     
 -0.36666666666666670       0.52970297029702973     
 -0.36666666666666670       0.52475247524752477     
 -0.36111111111111110       0.51980198019801982     
 -0.35555555555555557       0.51485148514851486     
 -0.35555555555555557       0.50990099009900991     
 -0.34999999999999998       0.50495049504950495     
 -0.34444444444444444       0.50000000000000000     
 -0.33888888888888891       0.49504950495049505     
 -0.33333333333333337       0.49504950495049505     
 -0.32777777777777778       0.49504950495049505     
 -0.32222222222222219       0.49504950495049505     
 -0.31666666666666665       0.49504950495049505     
 -0.31111111111111112       0.50000000000000000     
 -0.31111111111111112       0.50495049504950495     
 -0.30555555555555558       0.50990099009900991     
 -0.29999999999999999       0.51485148514851486     
 -0.29999999999999999       0.51980198019801982     
 -0.29444444444444445       0.52475247524752477     
 -0.29444444444444445       0.52970297029702973     
 -0.29444444444444445       0.53465346534653468     
 -0.28888888888888886       0.53960396039603964     
 -0.28888888888888886       0.54455445544554459     
 -0.28888888888888886       0.54950495049504955     
 -0.28333333333333333       0.55445544554455450     
 -0.28333333333333333       0.55940594059405946     
 -0.28333333333333333       0.56435643564356430     
 -0.27777777777777779       0.56930693069306926     
 -0.27777777777777779       0.57425742574257421     
 -0.27777777777777779       0.57920792079207917     
 -0.27222222222222225       0.58415841584158412     
 -0.27222222222222225       0.58910891089108908     
 -0.26666666666666666       0.59405940594059403     
 -0.26666666666666666       0.59900990099009899     
 -0.26666666666666666       0.60396039603960394     
 -0.26111111111111107       0.60891089108910890     
 -0.26111111111111107       0.61386138613861385     
 -0.26111111111111107       0.61881188118811881     
 -0.25555555555555554       0.62376237623762376     
 -0.25555555555555554       0.62871287128712872     
 -0.25000000000000000       0.63366336633663367     
 -0.25000000000000000       0.63861386138613863     
 -0.25000000000000000       0.64356435643564358     
 -0.24444444444444446       0.64851485148514854     
 -0.24444444444444446       0.65346534653465349     
 -0.23888888888888887       0.65841584158415845     
 -0.23333333333333334       0.66336633663366340     
 -0.23333333333333334       0.66831683168316836     
 -0.22777777777777780       0.67326732673267331     
 -0.22777777777777780       0.67821782178217827     
 -0.22222222222222221       0.68316831683168322     
 -0.21666666666666667       0.68811881188118806     
 -0.21111111111111114       0.69306930693069302     
 -0.20555555555555555       0.69306930693069302     
 -0.20000000000000001       0.68811881188118806     
 -0.19444444444444442       0.68811881188118806     
 -0.18888888888888888       0.68316831683168322     
 -0.18888888888888888       0.67821782178217827     
 -0.18333333333333335       0.67326732673267331     
 -0.18333333333333335       0.66831683168316836     
 -0.18333333333333335       0.66336633663366340     
 -0.17777777777777776       0.65841584158415845     
 -0.17777777777777776       0.65346534653465349     
 -0.17777777777777776       0.64851485148514854     
 -0.17777777777777776       0.64356435643564358     
 -0.17777777777777776       0.63861386138613863     
 -0.17777777777777776       0.63366336633663367     
 -0.17222222222222222       0.62871287128712872     
 -0.17222222222222222       0.62376237623762376     
 -0.17222222222222222       0.61881188118811881     
 -0.17222222222222222       0.61386138613861385     
 -0.17222222222222222       0.60891089108910890     
 -0.17222222222222222       0.60396039603960394     
 -0.17222222222222222       0.59900990099009899     
 -0.17222222222222222       0.59405940594059403     
 -0.17222222222222222       0.58910891089108908     
 -0.17222222222222222       0.58415841584158412     
 -0.17222222222222222       0.57920792079207917     
 -0.17222222222222222       0.57425742574257421     
 -0.16666666666666669       0.56930693069306926     
 -0.16666666666666669       0.56435643564356430     
 -0.16666666666666669       0.55940594059405946     
 -0.16111111111111109       0.55445544554455450     
 -0.16111111111111109       0.54950495049504955     
 -0.16111111111111109       0.54455445544554459     
 -0.16111111111111109       0.53960396039603964     
 -0.16111111111111109       0.53465346534653468     
 -0.16111111111111109       0.52970297029702973     
 -0.16111111111111109       0.52475247524752477     
 -0.16111111111111109       0.51980198019801982     
 -0.16111111111111109       0.51485148514851486     
 -0.16111111111111109       0.50990099009900991     
 -0.16111111111111109       0.50495049504950495     
 -0.15555555555555556       0.50000000000000000     
 -0.15555555555555556       0.49504950495049505     
 -0.15555555555555556       0.49009900990099009     
 -0.15555555555555556       0.48514851485148514     
 -0.15555555555555556       0.48019801980198018     
 -0.15555555555555556       0.47524752475247523     
 -0.15000000000000002       0.47029702970297027     
 -0.15000000000000002       0.46534653465346537     
 -0.15000000000000002       0.46039603960396042     
 -0.15000000000000002       0.45544554455445546     
 -0.15000000000000002       0.45049504950495051     
 -0.15000000000000002       0.44554455445544555     
 -0.15000000000000002       0.44059405940594060     
 -0.15000000000000002       0.43564356435643564     
 -0.15000000000000002       0.43069306930693069     
 -0.14444444444444443       0.42574257425742573     
 -0.14444444444444443       0.42079207920792078     
 -0.14444444444444443       0.41584158415841582     
 -0.14444444444444443       0.41089108910891087     
 -0.14444444444444443       0.40594059405940597     
 -0.14444444444444443       0.40099009900990101     
 -0.14444444444444443       0.39603960396039606     
 -0.14444444444444443       0.39108910891089110     
 -0.13888888888888890       0.38613861386138615     
 -0.13888888888888890       0.38118811881188119     
 -0.13888888888888890       0.37623762376237624     
 -0.13888888888888890       0.37128712871287128     
 -0.13888888888888890       0.36633663366336633     
 -0.13888888888888890       0.36138613861386137     
 -0.13888888888888890       0.35643564356435642     
 -0.13888888888888890       0.35148514851485146     
 -0.13888888888888890       0.34653465346534651     
 -0.13333333333333336       0.34158415841584161     
 -0.13333333333333336       0.33663366336633666     
 -0.13333333333333336       0.33168316831683170     
 -0.13333333333333336       0.32673267326732675     
 -0.13333333333333336       0.32178217821782179     
 -0.13333333333333336       0.31683168316831684     
 -0.13333333333333336       0.31188118811881188     
 -0.13333333333333336       0.30693069306930693     
 -0.13333333333333336       0.30198019801980197     
 -0.13333333333333336       0.29702970297029702     
 -0.13333333333333336       0.29207920792079206     
 -0.13333333333333336       0.28712871287128711     
 -0.13333333333333336       0.28217821782178215     
 -0.13888888888888890       0.27722772277227725     
 -0.13888888888888890       0.27227722772277230     
 -0.13888888888888890       0.26732673267326734     
 -0.13333333333333336       0.26237623762376239     
 -0.13333333333333336       0.25742574257425743     
 -0.13333333333333336       0.25247524752475248     
 -0.13333333333333336       0.24752475247524752     
 -0.13333333333333336       0.24257425742574257     
 -0.13333333333333336       0.23762376237623761     
 -0.13333333333333336       0.23267326732673269     
 -0.12777777777777777       0.22772277227722773     
 -0.12777777777777777       0.22277227722772278     
 -0.12777777777777777       0.21782178217821782     
 -0.12777777777777777       0.21287128712871287     
 -0.12777777777777777       0.20792079207920791     
 -0.12777777777777777       0.20297029702970298     
 -0.12777777777777777       0.19801980198019803     
 -0.13333333333333336       0.19306930693069307     
 -0.13333333333333336       0.18811881188118812     
 -0.13333333333333336       0.18316831683168316     
 -0.13333333333333336       0.17821782178217821     
 -0.13333333333333336       0.17326732673267325     
 -0.12777777777777777       0.16831683168316833     
 -0.12777777777777777       0.16336633663366337     
 -0.12777777777777777       0.15841584158415842     
 -0.12777777777777777       0.15346534653465346     
 -0.12777777777777777       0.14851485148514851     
 -0.12777777777777777       0.14356435643564355     
 -0.12222222222222223       0.13861386138613863     
 -0.12222222222222223       0.13366336633663367     
 -0.12222222222222223       0.12871287128712872     
 -0.12222222222222223       0.12376237623762376     
 -0.12222222222222223       0.11881188118811881     
 -0.12222222222222223       0.11386138613861387     
 -0.12222222222222223       0.10891089108910891     
 -0.12222222222222223       0.10396039603960396     
 -0.12222222222222223        9.9009900990099015E-002
 -0.11666666666666664        9.4059405940594060E-002
 -0.11666666666666664        8.9108910891089105E-002
 -0.11111111111111110        8.4158415841584164E-002
 -0.11111111111111110        7.9207920792079209E-002
 -0.11111111111111110        7.4257425742574254E-002
 -0.11111111111111110        6.9306930693069313E-002
 -0.11111111111111110        6.4356435643564358E-002
 -0.11111111111111110        5.9405940594059403E-002
 -0.10555555555555557        5.4455445544554455E-002
 -0.10555555555555557        4.9504950495049507E-002
 -0.10555555555555557        4.4554455445544552E-002
  -9.9999999999999978E-002   3.9603960396039604E-002
  -9.9999999999999978E-002   3.4653465346534656E-002
  -9.4444444444444442E-002   2.9702970297029702E-002
  -9.4444444444444442E-002   2.4752475247524754E-002
  -9.4444444444444442E-002   1.9801980198019802E-002
  -8.8888888888888906E-002   1.4851485148514851E-002
  -8.2222222222222222E-002   0.9999999999999999E-002
  -7.6666666666666668E-002   0.4999999999999971E-002
  -7.2222222222222243E-002   0.0000000000000000     
  -6.6666666666666652E-002   0.0000000000000000     
  -6.1111111111111116E-002   0.0000000000000000     
  -5.5555555555555580E-002   0.0000000000000000     
  -4.9999999999999989E-002   0.0000000000000000     
  -4.4444444444444453E-002   4.9504950495049506E-003
  -3.8888888888888862E-002   9.9009900990099011E-003
  -3.3333333333333326E-002   1.4851485148514851E-002
  -2.7777777777777790E-002   1.9801980198019802E-002
  -2.2222222222222199E-002   2.4752475247524754E-002
  -2.2222222222222199E-002   2.9702970297029702E-002
  -1.6666666666666663E-002   3.4653465346534656E-002
  -1.6666666666666663E-002   3.9603960396039604E-002
  -1.6666666666666663E-002   4.4554455445544552E-002
  -1.1111111111111127E-002   4.9504950495049507E-002
  -1.1111111111111127E-002   5.4455445544554455E-002
  -5.5555555555555358E-003   5.9405940594059403E-002
  -5.5555555555555358E-003   6.4356435643564358E-002
  -5.5555555555555358E-003   6.9306930693069313E-002
   0.0000000000000000        7.4257425742574254E-002
   0.0000000000000000        7.9207920792079209E-002
   5.5555555555555358E-003   8.4158415841584164E-002
   5.5555555555555358E-003   8.9108910891089105E-002
   5.5555555555555358E-003   9.4059405940594060E-002
   5.5555555555555358E-003   9.9009900990099015E-002
   1.1111111111111072E-002  0.10396039603960396     
   1.1111111111111072E-002  0.10891089108910891     
   1.6666666666666718E-002  0.11386138613861387     
   1.6666666666666718E-002  0.11881188118811881     
   1.6666666666666718E-002  0.12376237623762376     
   1.6666666666666718E-002  0.12871287128712872     
   1.6666666666666718E-002  0.13366336633663367     
   2.2222222222222254E-002  0.13861386138613863     
   2.2222222222222254E-002  0.14356435643564355     
   2.2222222222222254E-002  0.14851485148514851     
   2.2222222222222254E-002  0.15346534653465346     
   2.7777777777777790E-002  0.15841584158415842     
   2.7777777777777790E-002  0.16336633663366337     
   2.7777777777777790E-002  0.16831683168316833     
   3.3333333333333326E-002  0.17326732673267325     
   3.3333333333333326E-002  0.17821782178217821     
   3.3333333333333326E-002  0.18316831683168316     
   3.8888888888888862E-002  0.18811881188118812     
   3.8888888888888862E-002  0.19306930693069307     
   3.8888888888888862E-002  0.19801980198019803     
   3.8888888888888862E-002  0.20297029702970298     
   4.4444444444444398E-002  0.20792079207920791     
   4.4444444444444398E-002  0.21287128712871287     
   4.4444444444444398E-002  0.21782178217821782     
   5.0000000000000044E-002  0.22277227722772278     
   5.0000000000000044E-002  0.22772277227722773     
   5.0000000000000044E-002  0.23267326732673269     
   5.5555555555555580E-002  0.23762376237623761     
   5.5555555555555580E-002  0.24257425742574257     
   5.5555555555555580E-002  0.24752475247524752     
   5.5555555555555580E-002  0.25247524752475248     
   5.5555555555555580E-002  0.25742574257425743     
   6.1111111111111116E-002  0.26237623762376239     
   6.1111111111111116E-002  0.26732673267326734     
   6.1111111111111116E-002  0.27227722772277230     
   6.6666666666666652E-002  0.27722772277227725     
   6.6666666666666652E-002  0.28217821782178215     
   6.6666666666666652E-002  0.28712871287128711     
   7.2222222222222188E-002  0.29207920792079206     
   7.2222222222222188E-002  0.29702970297029702     
   7.2222222222222188E-002  0.30198019801980197     
   7.2222222222222188E-002  0.30693069306930693     
   7.7777777777777724E-002  0.31188118811881188     
   7.7777777777777724E-002  0.31683168316831684     
   7.7777777777777724E-002  0.32178217821782179     
   8.3333333333333370E-002  0.32673267326732675     
   8.3333333333333370E-002  0.33168316831683170     
   8.3333333333333370E-002  0.33663366336633666     
   8.8888888888888906E-002  0.34158415841584161     
   8.8888888888888906E-002  0.34653465346534651     
   8.8888888888888906E-002  0.35148514851485146     
   9.4444444444444442E-002  0.35643564356435642     
   9.4444444444444442E-002  0.36138613861386137     
   9.4444444444444442E-002  0.36633663366336633     
   9.9999999999999978E-002  0.37128712871287128     
   9.9999999999999978E-002  0.37623762376237624     
   9.9999999999999978E-002  0.38118811881188119     
   9.9999999999999978E-002  0.38613861386138615     
   9.9999999999999978E-002  0.39108910891089110     
   9.9999999999999978E-002  0.39603960396039606     
  0.10555555555555551       0.40099009900990101     
  0.10555555555555551       0.40594059405940597     
  0.11111111111111116       0.41089108910891087     
  0.11111111111111116       0.41584158415841582     
  0.11111111111111116       0.42079207920792078     
  0.11666666666666670       0.42574257425742573     
  0.11666666666666670       0.43069306930693069     
  0.11666666666666670       0.43564356435643564     
  0.11666666666666670       0.44059405940594060     
  0.12222222222222223       0.44554455445544555     
  0.12222222222222223       0.45049504950495051     
  0.12777777777777777       0.45544554455445546     
  0.12777777777777777       0.46039603960396042     
  0.12777777777777777       0.46534653465346537     
  0.12777777777777777       0.47029702970297027     
  0.13333333333333330       0.47524752475247523     
  0.13333333333333330       0.48019801980198018     
  0.13333333333333330       0.48514851485148514     
  0.13333333333333330       0.49009900990099009     
  0.13333333333333330       0.49504950495049505     
  0.13888888888888884       0.50000000000000000     
  0.13888888888888884       0.50495049504950495     
  0.13888888888888884       0.50990099009900991     
  0.13888888888888884       0.51485148514851486     
  0.14444444444444449       0.51980198019801982     
  0.14444444444444449       0.52475247524752477     
  0.15000000000000002       0.52970297029702973     
  0.15000000000000002       0.53465346534653468     
  0.15000000000000002       0.53960396039603964     
  0.15000000000000002       0.54455445544554459     
  0.15000000000000002       0.54950495049504955     
  0.15000000000000002       0.55445544554455450     
  0.15555555555555556       0.55940594059405946     
  0.15555555555555556       0.56435643564356430     
  0.15555555555555556       0.56930693069306926     
  0.15555555555555556       0.57425742574257421     
  0.15555555555555556       0.57920792079207917     
  0.15555555555555556       0.58415841584158412     
  0.16111111111111109       0.58910891089108908     
  0.16111111111111109       0.59405940594059403     
  0.16111111111111109       0.59900990099009899     
  0.16666666666666663       0.60396039603960394     
  0.16666666666666663       0.60891089108910890     
  0.16666666666666663       0.61386138613861385     
  0.16666666666666663       0.61881188118811881     
  0.17222222222222228       0.62376237623762376     
  0.17222222222222228       0.62871287128712872     
  0.17222222222222228       0.63366336633663367     
  0.17222222222222228       0.63861386138613863     
  0.17222222222222228       0.64356435643564358     
  0.17777777777777781       0.64851485148514854     
  0.17777777777777781       0.65346534653465349     
  0.17777777777777781       0.65841584158415845     
  0.17777777777777781       0.66336633663366340     
  0.17777777777777781       0.66831683168316836     
  0.18333333333333335       0.67326732673267331     
  0.18333333333333335       0.67821782178217827     
  0.18888888888888888       0.68316831683168322     
  0.19444444444444442       0.68811881188118806     
  0.19999999999999996       0.69306930693069302     
  0.20555555555555560       0.69306930693069302     
  0.21111111111111114       0.68811881188118806     
  0.21666666666666667       0.68316831683168322     
  0.21666666666666667       0.67821782178217827     
  0.21666666666666667       0.67326732673267331     
  0.22222222222222221       0.66831683168316836     
  0.22777777777777775       0.66336633663366340     
  0.22777777777777775       0.65841584158415845     
  0.22777777777777775       0.65346534653465349     
  0.23333333333333328       0.64851485148514854     
  0.23333333333333328       0.64356435643564358     
  0.23333333333333328       0.63861386138613863     
  0.23888888888888893       0.63366336633663367     
  0.24444444444444446       0.62871287128712872     
  0.24444444444444446       0.62376237623762376     
  0.24444444444444446       0.61881188118811881     
  0.25000000000000000       0.61386138613861385     
  0.25000000000000000       0.60891089108910890     
  0.25555555555555554       0.60396039603960394     
  0.25555555555555554       0.59900990099009899     
  0.26111111111111107       0.59405940594059403     
  0.26111111111111107       0.58910891089108908     
  0.26111111111111107       0.58415841584158412     
  0.26666666666666672       0.57920792079207917     
  0.26666666666666672       0.57425742574257421     
  0.26666666666666672       0.56930693069306926     
  0.27222222222222225       0.56435643564356430     
  0.27222222222222225       0.55940594059405946     
  0.27222222222222225       0.55445544554455450     
  0.27777777777777779       0.54950495049504955     
  0.27777777777777779       0.54455445544554459     
  0.28333333333333333       0.53960396039603964     
  0.28333333333333333       0.53465346534653468     
  0.28888888888888886       0.52970297029702973     
  0.28888888888888886       0.52475247524752477     
  0.28888888888888886       0.51980198019801982     
  0.29444444444444440       0.51485148514851486     
  0.29444444444444440       0.50990099009900991     
  0.30000000000000004       0.50495049504950495     
  0.30555555555555558       0.50000000000000000     
  0.31111111111111112       0.49504950495049505     
  0.31666666666666665       0.49009900990099009     
  0.32222222222222219       0.49009900990099009     
  0.32777777777777772       0.48514851485148514     
  0.33333333333333337       0.48514851485148514     
  0.33888888888888891       0.49009900990099009     
  0.34444444444444444       0.49504950495049505     
  0.34444444444444444       0.50000000000000000     
  0.34999999999999998       0.50495049504950495     
  0.34999999999999998       0.50990099009900991     
  0.34999999999999998       0.51485148514851486     
  0.35555555555555551       0.51980198019801982     
  0.35555555555555551       0.52475247524752477     
  0.35555555555555551       0.52970297029702973     
  0.36111111111111116       0.53465346534653468     
  0.36111111111111116       0.53960396039603964     
  0.36111111111111116       0.54455445544554459     
  0.36111111111111116       0.54950495049504955     
  0.36111111111111116       0.55445544554455450     
  0.36111111111111116       0.55940594059405946     
  0.36111111111111116       0.56435643564356430     
  0.36666666666666670       0.56930693069306926     
  0.36666666666666670       0.57425742574257421     
  0.36666666666666670       0.57920792079207917     
  0.36666666666666670       0.58415841584158412     
  0.36666666666666670       0.58910891089108908     
  0.36666666666666670       0.59405940594059403     
  0.36666666666666670       0.59900990099009899     
  0.37222222222222223       0.60396039603960394     
  0.37222222222222223       0.60891089108910890     
  0.37222222222222223       0.61386138613861385     
  0.37222222222222223       0.61881188118811881     
  0.37222222222222223       0.62376237623762376     
  0.37222222222222223       0.62871287128712872     
  0.37777777777777777       0.63366336633663367     
  0.37777777777777777       0.63861386138613863     
  0.37777777777777777       0.64356435643564358     
  0.37777777777777777       0.64851485148514854     
  0.37777777777777777       0.65346534653465349     
  0.37777777777777777       0.65841584158415845     
  0.37777777777777777       0.66336633663366340     
  0.37777777777777777       0.66831683168316836     
  0.37777777777777777       0.67326732673267331     
  0.37777777777777777       0.67821782178217827     
  0.37777777777777777       0.68316831683168322     
  0.37777777777777777       0.68811881188118806     
  0.37777777777777777       0.69306930693069302     
  0.37777777777777777       0.69801980198019797     
  0.37777777777777777       0.70297029702970293     
  0.37777777777777777       0.70792079207920788     
  0.37777777777777777       0.71287128712871284     
  0.37777777777777777       0.71782178217821779     
  0.37777777777777777       0.72277227722772275     
  0.37777777777777777       0.72772277227722770     
  0.37777777777777777       0.73267326732673266     
  0.37777777777777777       0.73762376237623761     
  0.37777777777777777       0.74257425742574257     
  0.37777777777777777       0.74752475247524752     
  0.37777777777777777       0.75247524752475248     
  0.37777777777777777       0.75742574257425743     
  0.37777777777777777       0.76237623762376239     
  0.37777777777777777       0.76732673267326734     
  0.37777777777777777       0.77227722772277230     
  0.37777777777777777       0.77722772277227725     
  0.37222222222222223       0.78217821782178221     
  0.37222222222222223       0.78712871287128716     
  0.37777777777777777       0.79207920792079212     
  0.37777777777777777       0.79702970297029707     
  0.37777777777777777       0.80198019801980203     
  0.37777777777777777       0.80693069306930698     
  0.37777777777777777       0.81188118811881194     
  0.38333333333333330       0.81683168316831678     
  0.38888888888888884       0.82178217821782173     
  0.39444444444444449       0.82178217821782173     
  0.40000000000000002       0.81683168316831678     
  0.40555555555555556       0.81683168316831678     
  0.41111111111111109       0.81188118811881194     
  0.41111111111111109       0.80693069306930698     
  0.41666666666666663       0.80693069306930698     
  0.42222222222222228       0.80198019801980203     
  0.42777777777777781       0.79702970297029707     
  0.43333333333333335       0.79702970297029707     
  0.43888888888888888       0.79207920792079212     
  0.44444444444444442       0.78712871287128716     
  0.44999999999999996       0.78712871287128716     
  0.45555555555555560       0.78712871287128716     
  0.46111111111111114       0.78712871287128716     
  0.46666666666666667       0.78712871287128716     
  0.47222222222222221       0.78712871287128716     
  0.47777777777777775       0.79207920792079212     
  0.48333333333333328       0.79702970297029707     
  0.48888888888888893       0.80198019801980203     
  0.49444444444444446       0.80693069306930698     
  0.49444444444444446       0.81188118811881194     
  0.49444444444444446       0.81683168316831678     
  0.50000000000000000       0.82178217821782173     
  0.50000000000000000       0.82673267326732669     
  0.50000000000000000       0.83168316831683164     
  0.50000000000000000       0.83663366336633660     
  0.50000000000000000       0.84158415841584155     
  0.50000000000000000       0.84653465346534651     
  0.50000000000000000       0.85148514851485146     
  0.50000000000000000       0.85643564356435642     
  0.50000000000000000       0.86138613861386137     
  0.50000000000000000       0.86633663366336633     
  0.50000000000000000       0.87128712871287128     
  0.50000000000000000       0.87623762376237624     
  0.50000000000000000       0.88118811881188119     
  0.50000000000000000       0.88613861386138615     
  0.50000000000000000       0.89108910891089110     
  0.50000000000000000       0.89603960396039606     
  0.49444444444444446       0.90099009900990101     
  0.49444444444444446       0.90594059405940597     
  0.49444444444444446       0.91089108910891092     
  0.49444444444444446       0.91584158415841588     
  0.49444444444444446       0.92079207920792083     
  0.49444444444444446       0.92574257425742579     
  0.48888888888888893       0.93069306930693074     
  0.48888888888888893       0.93564356435643570     
  0.48888888888888893       0.94059405940594054     
  0.48888888888888893       0.94554455445544550     
  0.48333333333333328       0.95049504950495045     
  0.48333333333333328       0.95544554455445541     
  0.48333333333333328       0.96039603960396036     
  0.48333333333333328       0.96534653465346532     
  0.48333333333333328       0.97029702970297027     
  0.48333333333333328       0.97524752475247523     
  0.48333333333333328       0.98019801980198018     
  0.48333333333333328       0.98514851485148514     
  0.48333333333333328       0.99009900990099009     
  0.48333333333333328       0.99504950495049505     
  0.47777777777777775        1.0000000000000000     
