   2.0833333333333332E-002   1.0000000000000000     
   2.0833333333333332E-002  0.99800399201596801     
   2.2727272727272728E-002  0.99800399201596801     
   2.2727272727272728E-002  0.99600798403193613     
   2.2727272727272728E-002  0.99401197604790414     
   2.2727272727272728E-002  0.99201596806387227     
   2.2727272727272728E-002  0.99001996007984028     
   2.2727272727272728E-002  0.98802395209580840     
   2.2727272727272728E-002  0.98602794411177641     
   2.2727272727272728E-002  0.98403193612774453     
   2.2727272727272728E-002  0.98203592814371254     
   2.2727272727272728E-002  0.98003992015968067     
   2.2727272727272728E-002  0.97804391217564868     
   2.2727272727272728E-002  0.97604790419161680     
   2.2727272727272728E-002  0.97405189620758481     
   2.2727272727272728E-002  0.97205588822355293     
   2.2727272727272728E-002  0.97005988023952094     
   2.2727272727272728E-002  0.96806387225548907     
   2.0833333333333332E-002  0.96806387225548907     
   2.0833333333333332E-002  0.96606786427145708     
   2.0833333333333332E-002  0.96407185628742520     
   2.0833333333333332E-002  0.96207584830339321     
   2.0833333333333332E-002  0.96007984031936133     
   2.0833333333333332E-002  0.95808383233532934     
   2.0833333333333332E-002  0.95608782435129736     
   2.0833333333333332E-002  0.95409181636726548     
   1.8939393939393940E-002  0.95409181636726548     
   1.8939393939393940E-002  0.95209580838323349     
   1.8939393939393940E-002  0.95009980039920161     
   1.8939393939393940E-002  0.94810379241516962     
   1.8939393939393940E-002  0.94610778443113774     
   1.8939393939393940E-002  0.94411177644710575     
   1.8939393939393940E-002  0.94211576846307388     
   1.8939393939393940E-002  0.94011976047904189     
   1.7045454545454544E-002  0.94011976047904189     
   1.7045454545454544E-002  0.93812375249501001     
   1.7045454545454544E-002  0.93612774451097802     
   1.7045454545454544E-002  0.93413173652694614     
   1.7045454545454544E-002  0.93213572854291415     
   1.7045454545454544E-002  0.93013972055888228     
   1.7045454545454544E-002  0.92814371257485029     
   1.7045454545454544E-002  0.92614770459081841     
   1.7045454545454544E-002  0.92415169660678642     
   1.7045454545454544E-002  0.92215568862275454     
   1.7045454545454544E-002  0.92015968063872255     
   1.7045454545454544E-002  0.91816367265469057     
   1.7045454545454544E-002  0.91616766467065869     
   1.7045454545454544E-002  0.91417165668662670     
   1.7045454545454544E-002  0.91217564870259482     
   1.7045454545454544E-002  0.91017964071856283     
   1.7045454545454544E-002  0.90818363273453095     
   1.5151515151515152E-002  0.90818363273453095     
   1.5151515151515152E-002  0.90618762475049897     
   1.5151515151515152E-002  0.90419161676646709     
   1.5151515151515152E-002  0.90219560878243510     
   1.5151515151515152E-002  0.90019960079840322     
   1.5151515151515152E-002  0.89820359281437123     
   1.5151515151515152E-002  0.89620758483033935     
   1.5151515151515152E-002  0.89421157684630737     
   1.5151515151515152E-002  0.89221556886227549     
   1.5151515151515152E-002  0.89021956087824350     
   1.5151515151515152E-002  0.88822355289421162     
   1.5151515151515152E-002  0.88622754491017963     
   1.5151515151515152E-002  0.88423153692614775     
   1.5151515151515152E-002  0.88223552894211577     
   1.5151515151515152E-002  0.88023952095808389     
   1.5151515151515152E-002  0.87824351297405190     
   1.5151515151515152E-002  0.87624750499001991     
   1.5151515151515152E-002  0.87425149700598803     
   1.5151515151515152E-002  0.87225548902195604     
   1.5151515151515152E-002  0.87025948103792417     
   1.5151515151515152E-002  0.86826347305389218     
   1.5151515151515152E-002  0.86626746506986030     
   1.5151515151515152E-002  0.86427145708582831     
   1.5151515151515152E-002  0.86227544910179643     
   1.3257575757575758E-002  0.86227544910179643     
   1.3257575757575758E-002  0.86027944111776444     
   1.3257575757575758E-002  0.85828343313373257     
   1.3257575757575758E-002  0.85628742514970058     
   1.3257575757575758E-002  0.85429141716566870     
   1.3257575757575758E-002  0.85229540918163671     
   1.3257575757575758E-002  0.85029940119760483     
   1.3257575757575758E-002  0.84830339321357284     
   1.3257575757575758E-002  0.84630738522954096     
   1.3257575757575758E-002  0.84431137724550898     
   1.3257575757575758E-002  0.84231536926147710     
   1.3257575757575758E-002  0.84031936127744511     
   1.3257575757575758E-002  0.83832335329341312     
   1.3257575757575758E-002  0.83632734530938124     
   1.1363636363636364E-002  0.83632734530938124     
   1.1363636363636364E-002  0.83433133732534925     
   1.1363636363636364E-002  0.83233532934131738     
   1.1363636363636364E-002  0.83033932135728539     
   1.1363636363636364E-002  0.82834331337325351     
   1.1363636363636364E-002  0.82634730538922152     
   1.1363636363636364E-002  0.82435129740518964     
   1.1363636363636364E-002  0.82235528942115765     
   1.1363636363636364E-002  0.82035928143712578     
   1.1363636363636364E-002  0.81836327345309379     
   1.1363636363636364E-002  0.81636726546906191     
   1.1363636363636364E-002  0.81437125748502992     
   1.1363636363636364E-002  0.81237524950099804     
   1.1363636363636364E-002  0.81037924151696605     
   1.1363636363636364E-002  0.80838323353293418     
   1.1363636363636364E-002  0.80638722554890219     
   9.4696969696969700E-003  0.80638722554890219     
   9.4696969696969700E-003  0.80439121756487031     
   9.4696969696969700E-003  0.80239520958083832     
   9.4696969696969700E-003  0.80039920159680644     
   9.4696969696969700E-003  0.79840319361277445     
   9.4696969696969700E-003  0.79640718562874246     
   9.4696969696969700E-003  0.79441117764471059     
   9.4696969696969700E-003  0.79241516966067860     
   7.5757575757575760E-003  0.79241516966067860     
   7.5757575757575760E-003  0.79041916167664672     
   7.5757575757575760E-003  0.78842315369261473     
   7.5757575757575760E-003  0.78642714570858285     
   7.5757575757575760E-003  0.78443113772455086     
   7.5757575757575760E-003  0.78243512974051899     
   7.5757575757575760E-003  0.78043912175648700     
   7.5757575757575760E-003  0.77844311377245512     
   7.5757575757575760E-003  0.77644710578842313     
   7.5757575757575760E-003  0.77445109780439125     
   7.5757575757575760E-003  0.77245508982035926     
   5.6818181818181820E-003  0.77245508982035926     
   5.6818181818181820E-003  0.77045908183632739     
   5.6818181818181820E-003  0.76846307385229540     
   5.6818181818181820E-003  0.76646706586826352     
   5.6818181818181820E-003  0.76447105788423153     
   3.7878787878787880E-003  0.76447105788423153     
   3.7878787878787880E-003  0.76247504990019965     
   3.7878787878787880E-003  0.76047904191616766     
   3.7878787878787880E-003  0.75848303393213568     
   3.7878787878787880E-003  0.75648702594810380     
   3.7878787878787880E-003  0.75449101796407181     
   1.8939393939393940E-003  0.75449101796407181     
   1.8939393939393940E-003  0.75249500998003993     
   1.8939393939393940E-003  0.75049900199600794     
   1.8939393939393940E-003  0.74850299401197606     
   1.8939393939393940E-003  0.74650698602794407     
   1.8939393939393940E-003  0.74451097804391220     
   0.0000000000000000       0.74051896207584833     
   0.0000000000000000       0.73852295409181634     
   0.0000000000000000       0.73652694610778446     
   0.0000000000000000       0.73453093812375247     
   0.0000000000000000       0.73253493013972060     
   0.0000000000000000       0.73053892215568861     
   0.0000000000000000       0.72654690618762474     
   0.0000000000000000       0.72854291417165673     
   0.0000000000000000       0.72255489021956087     
   0.0000000000000000       0.72055888223552900     
   0.0000000000000000       0.71856287425149701     
   0.0000000000000000       0.71656686626746502     
   0.0000000000000000       0.71457085828343314     
   0.0000000000000000       0.71257485029940115     
   0.0000000000000000       0.71057884231536927     
   0.0000000000000000       0.70858283433133729     
   0.0000000000000000       0.70658682634730541     
   0.0000000000000000       0.70459081836327342     
   0.0000000000000000       0.70259481037924154     
   0.0000000000000000       0.70059880239520955     
   0.0000000000000000       0.69860279441117767     
   0.0000000000000000       0.69660678642714569     
   1.8939393939393940E-003  0.69660678642714569     
   1.8939393939393940E-003  0.69461077844311381     
   1.8939393939393940E-003  0.69261477045908182     
   3.7878787878787880E-003  0.69261477045908182     
   3.7878787878787880E-003  0.69061876247504994     
   5.6818181818181820E-003  0.69061876247504994     
   5.6818181818181820E-003  0.68862275449101795     
   7.5757575757575760E-003  0.68862275449101795     
   7.5757575757575760E-003  0.68662674650698607     
   7.5757575757575760E-003  0.68463073852295409     
   9.4696969696969700E-003  0.68463073852295409     
   9.4696969696969700E-003  0.68263473053892221     
   1.1363636363636364E-002  0.68263473053892221     
   1.1363636363636364E-002  0.68063872255489022     
   1.3257575757575758E-002  0.68063872255489022     
   1.3257575757575758E-002  0.67864271457085823     
   1.5151515151515152E-002  0.67864271457085823     
   1.5151515151515152E-002  0.67664670658682635     
   1.5151515151515152E-002  0.67465069860279436     
   1.7045454545454544E-002  0.67465069860279436     
   1.7045454545454544E-002  0.67265469061876249     
   1.8939393939393940E-002  0.67265469061876249     
   1.8939393939393940E-002  0.67065868263473050     
   1.8939393939393940E-002  0.66866267465069862     
   2.0833333333333332E-002  0.66866267465069862     
   2.0833333333333332E-002  0.66666666666666663     
   2.2727272727272728E-002  0.66666666666666663     
   2.2727272727272728E-002  0.66467065868263475     
   2.4621212121212120E-002  0.66467065868263475     
   2.4621212121212120E-002  0.66267465069860276     
   2.6515151515151516E-002  0.66267465069860276     
   2.6515151515151516E-002  0.66067864271457089     
   2.6515151515151516E-002  0.65868263473053890     
   2.8409090909090908E-002  0.65868263473053890     
   2.8409090909090908E-002  0.65668662674650702     
   3.0303030303030304E-002  0.65668662674650702     
   3.0303030303030304E-002  0.65469061876247503     
   3.2196969696969696E-002  0.65469061876247503     
   3.2196969696969696E-002  0.65269461077844315     
   3.4090909090909088E-002  0.65269461077844315     
   3.4090909090909088E-002  0.65069860279441116     
   3.5984848484848488E-002  0.65069860279441116     
   3.5984848484848488E-002  0.64870259481037928     
   3.7878787878787880E-002  0.64870259481037928     
   3.7878787878787880E-002  0.64670658682634730     
   3.9772727272727272E-002  0.64670658682634730     
   3.9772727272727272E-002  0.64471057884231542     
   4.1666666666666664E-002  0.64471057884231542     
   4.1666666666666664E-002  0.64271457085828343     
   4.3560606060606064E-002  0.64271457085828343     
   4.3560606060606064E-002  0.64071856287425155     
   4.5454545454545456E-002  0.64071856287425155     
   4.5454545454545456E-002  0.63872255489021956     
   4.7348484848484848E-002  0.63872255489021956     
   4.9242424242424240E-002  0.63872255489021956     
   4.9242424242424240E-002  0.63672654690618757     
   5.1136363636363640E-002  0.63672654690618757     
   5.3030303030303032E-002  0.63672654690618757     
   5.4924242424242424E-002  0.63672654690618757     
   5.6818181818181816E-002  0.63672654690618757     
   5.8712121212121215E-002  0.63672654690618757     
   5.8712121212121215E-002  0.63473053892215570     
   6.0606060606060608E-002  0.63473053892215570     
   6.2500000000000000E-002  0.63473053892215570     
   6.4393939393939392E-002  0.63473053892215570     
   6.6287878787878785E-002  0.63473053892215570     
   6.8181818181818177E-002  0.63473053892215570     
   6.8181818181818177E-002  0.63273453093812371     
   7.0075757575757569E-002  0.63273453093812371     
   7.1969696969696975E-002  0.63273453093812371     
   7.3863636363636367E-002  0.63273453093812371     
   7.5757575757575760E-002  0.63273453093812371     
   7.7651515151515152E-002  0.63273453093812371     
   7.9545454545454544E-002  0.63273453093812371     
   8.1439393939393936E-002  0.63273453093812371     
   8.1439393939393936E-002  0.63073852295409183     
   8.3333333333333329E-002  0.63073852295409183     
   8.5227272727272721E-002  0.63073852295409183     
   8.7121212121212127E-002  0.63073852295409183     
   8.9015151515151519E-002  0.63073852295409183     
   9.0909090909090912E-002  0.63073852295409183     
   9.2803030303030304E-002  0.63073852295409183     
   9.4696969696969696E-002  0.63073852295409183     
   9.4696969696969696E-002  0.62874251497005984     
   9.6590909090909088E-002  0.62874251497005984     
   9.8484848484848481E-002  0.62874251497005984     
   9.8484848484848481E-002  0.63073852295409183     
  0.10037878787878787       0.63073852295409183     
  0.10227272727272728       0.63073852295409183     
  0.10416666666666667       0.63073852295409183     
  0.10416666666666667       0.63273453093812371     
  0.10606060606060606       0.63273453093812371     
  0.10795454545454546       0.63273453093812371     
  0.10984848484848485       0.63273453093812371     
  0.11174242424242424       0.63273453093812371     
  0.11174242424242424       0.63473053892215570     
  0.11363636363636363       0.63473053892215570     
  0.11553030303030302       0.63473053892215570     
  0.11553030303030302       0.63672654690618757     
  0.11742424242424243       0.63672654690618757     
  0.11931818181818182       0.63672654690618757     
  0.11931818181818182       0.63872255489021956     
  0.12121212121212122       0.63872255489021956     
  0.12310606060606061       0.63872255489021956     
  0.12500000000000000       0.63872255489021956     
  0.12500000000000000       0.64071856287425155     
  0.12689393939393939       0.64071856287425155     
  0.12878787878787878       0.64071856287425155     
  0.13068181818181818       0.64071856287425155     
  0.13068181818181818       0.64271457085828343     
  0.13257575757575757       0.64271457085828343     
  0.13257575757575757       0.64471057884231542     
  0.13446969696969696       0.64471057884231542     
  0.13446969696969696       0.64670658682634730     
  0.13636363636363635       0.64670658682634730     
  0.13825757575757575       0.64670658682634730     
  0.13825757575757575       0.64870259481037928     
  0.14015151515151514       0.64870259481037928     
  0.14204545454545456       0.64870259481037928     
  0.14204545454545456       0.65069860279441116     
  0.14393939393939395       0.65069860279441116     
  0.14393939393939395       0.65269461077844315     
  0.14583333333333334       0.65269461077844315     
  0.14583333333333334       0.65469061876247503     
  0.14772727272727273       0.65469061876247503     
  0.14962121212121213       0.65469061876247503     
  0.14962121212121213       0.65668662674650702     
  0.15151515151515152       0.65668662674650702     
  0.15151515151515152       0.65868263473053890     
  0.15340909090909091       0.65868263473053890     
  0.15530303030303030       0.65868263473053890     
  0.15530303030303030       0.66067864271457089     
  0.15719696969696970       0.66067864271457089     
  0.15719696969696970       0.66267465069860276     
  0.15909090909090909       0.66267465069860276     
  0.15909090909090909       0.66467065868263475     
  0.16098484848484848       0.66467065868263475     
  0.16287878787878787       0.66467065868263475     
  0.16287878787878787       0.66666666666666663     
  0.16477272727272727       0.66666666666666663     
  0.16477272727272727       0.66866267465069862     
  0.16666666666666666       0.66866267465069862     
  0.16666666666666666       0.67065868263473050     
  0.16856060606060605       0.67065868263473050     
  0.17045454545454544       0.67065868263473050     
  0.17045454545454544       0.67265469061876249     
  0.17234848484848486       0.67265469061876249     
  0.17234848484848486       0.67465069860279436     
  0.17424242424242425       0.67465069860279436     
  0.17613636363636365       0.67465069860279436     
  0.17613636363636365       0.67664670658682635     
  0.17803030303030304       0.67664670658682635     
  0.17803030303030304       0.67864271457085823     
  0.17992424242424243       0.67864271457085823     
  0.17992424242424243       0.68063872255489022     
  0.18181818181818182       0.68063872255489022     
  0.18371212121212122       0.68063872255489022     
  0.18371212121212122       0.68263473053892221     
  0.18560606060606061       0.68263473053892221     
  0.18560606060606061       0.68463073852295409     
  0.18750000000000000       0.68463073852295409     
  0.18750000000000000       0.68662674650698607     
  0.18939393939393939       0.68662674650698607     
  0.18939393939393939       0.68862275449101795     
  0.19128787878787878       0.68862275449101795     
  0.19318181818181818       0.68862275449101795     
  0.19318181818181818       0.69061876247504994     
  0.19507575757575757       0.69061876247504994     
  0.19507575757575757       0.69261477045908182     
  0.19696969696969696       0.69261477045908182     
  0.19696969696969696       0.69461077844311381     
  0.19886363636363635       0.69461077844311381     
  0.19886363636363635       0.69660678642714569     
  0.20075757575757575       0.69660678642714569     
  0.20265151515151514       0.69660678642714569     
  0.20265151515151514       0.69860279441117767     
  0.20454545454545456       0.69860279441117767     
  0.20454545454545456       0.70059880239520955     
  0.20643939393939395       0.70059880239520955     
  0.20643939393939395       0.70259481037924154     
  0.20833333333333334       0.70259481037924154     
  0.20833333333333334       0.70459081836327342     
  0.21022727272727273       0.70459081836327342     
  0.21022727272727273       0.70658682634730541     
  0.21212121212121213       0.70658682634730541     
  0.21212121212121213       0.70858283433133729     
  0.21401515151515152       0.70858283433133729     
  0.21590909090909091       0.70858283433133729     
  0.21590909090909091       0.71057884231536927     
  0.21780303030303030       0.71057884231536927     
  0.21780303030303030       0.71257485029940115     
  0.21969696969696970       0.71257485029940115     
  0.21969696969696970       0.71457085828343314     
  0.22159090909090909       0.71457085828343314     
  0.22159090909090909       0.71656686626746502     
  0.22348484848484848       0.71656686626746502     
  0.22348484848484848       0.71856287425149701     
  0.22537878787878787       0.71856287425149701     
  0.22727272727272727       0.71856287425149701     
  0.22727272727272727       0.72055888223552900     
  0.22916666666666666       0.72055888223552900     
  0.22916666666666666       0.72255489021956087     
  0.23106060606060605       0.72255489021956087     
  0.23106060606060605       0.72455089820359286     
  0.23295454545454544       0.72455089820359286     
  0.23484848484848486       0.72455089820359286     
  0.23484848484848486       0.72654690618762474     
  0.23674242424242425       0.72654690618762474     
  0.23863636363636365       0.72654690618762474     
  0.24053030303030304       0.72654690618762474     
  0.24053030303030304       0.72854291417165673     
  0.24242424242424243       0.72854291417165673     
  0.24431818181818182       0.72854291417165673     
  0.24431818181818182       0.73053892215568861     
  0.24621212121212122       0.73053892215568861     
  0.24810606060606061       0.73053892215568861     
  0.24810606060606061       0.73253493013972060     
  0.25000000000000000       0.73253493013972060     
  0.25189393939393939       0.73253493013972060     
  0.25189393939393939       0.73453093812375247     
  0.25378787878787878       0.73453093812375247     
  0.25568181818181818       0.73453093812375247     
  0.25757575757575757       0.73453093812375247     
  0.25757575757575757       0.73652694610778446     
  0.25946969696969696       0.73652694610778446     
  0.26136363636363635       0.73652694610778446     
  0.26136363636363635       0.73852295409181634     
  0.26325757575757575       0.73852295409181634     
  0.26515151515151514       0.73852295409181634     
  0.26515151515151514       0.74051896207584833     
  0.26704545454545453       0.74051896207584833     
  0.26893939393939392       0.74051896207584833     
  0.26893939393939392       0.74251497005988021     
  0.27083333333333331       0.74251497005988021     
  0.27272727272727271       0.74251497005988021     
  0.27462121212121210       0.74251497005988021     
  0.27462121212121210       0.74451097804391220     
  0.27651515151515149       0.74451097804391220     
  0.27840909090909088       0.74451097804391220     
  0.27840909090909088       0.74650698602794407     
  0.28030303030303028       0.74650698602794407     
  0.28219696969696972       0.74650698602794407     
  0.28219696969696972       0.74451097804391220     
  0.28409090909090912       0.74451097804391220     
  0.28409090909090912       0.74251497005988021     
  0.28409090909090912       0.74051896207584833     
  0.28409090909090912       0.73852295409181634     
  0.28598484848484851       0.73852295409181634     
  0.28598484848484851       0.73652694610778446     
  0.28598484848484851       0.73453093812375247     
  0.28787878787878790       0.73453093812375247     
  0.28787878787878790       0.73253493013972060     
  0.28787878787878790       0.73053892215568861     
  0.28977272727272729       0.73053892215568861     
  0.28977272727272729       0.72854291417165673     
  0.28977272727272729       0.72654690618762474     
  0.29166666666666669       0.72654690618762474     
  0.29166666666666669       0.72455089820359286     
  0.29166666666666669       0.72255489021956087     
  0.29166666666666669       0.72055888223552900     
  0.29166666666666669       0.71856287425149701     
  0.29356060606060608       0.71856287425149701     
  0.29356060606060608       0.71656686626746502     
  0.29356060606060608       0.71457085828343314     
  0.29545454545454547       0.71457085828343314     
  0.29545454545454547       0.71257485029940115     
  0.29545454545454547       0.71057884231536927     
  0.29545454545454547       0.70858283433133729     
  0.29545454545454547       0.70658682634730541     
  0.29545454545454547       0.70459081836327342     
  0.29545454545454547       0.70259481037924154     
  0.29545454545454547       0.70059880239520955     
  0.29734848484848486       0.70059880239520955     
  0.29734848484848486       0.69860279441117767     
  0.29734848484848486       0.69660678642714569     
  0.29734848484848486       0.69461077844311381     
  0.29734848484848486       0.69261477045908182     
  0.29734848484848486       0.69061876247504994     
  0.29734848484848486       0.68862275449101795     
  0.29734848484848486       0.68662674650698607     
  0.29734848484848486       0.68463073852295409     
  0.29734848484848486       0.68263473053892221     
  0.29734848484848486       0.68063872255489022     
  0.29924242424242425       0.68063872255489022     
  0.29924242424242425       0.67864271457085823     
  0.29924242424242425       0.67664670658682635     
  0.29924242424242425       0.67465069860279436     
  0.29924242424242425       0.67265469061876249     
  0.29924242424242425       0.67065868263473050     
  0.29924242424242425       0.66866267465069862     
  0.29924242424242425       0.66666666666666663     
  0.29924242424242425       0.66467065868263475     
  0.29924242424242425       0.66267465069860276     
  0.29924242424242425       0.66067864271457089     
  0.29924242424242425       0.65868263473053890     
  0.29924242424242425       0.65668662674650702     
  0.29924242424242425       0.65469061876247503     
  0.29924242424242425       0.65269461077844315     
  0.29924242424242425       0.65069860279441116     
  0.29924242424242425       0.64870259481037928     
  0.29924242424242425       0.64670658682634730     
  0.29924242424242425       0.64471057884231542     
  0.29924242424242425       0.64271457085828343     
  0.29924242424242425       0.64071856287425155     
  0.29924242424242425       0.63872255489021956     
  0.29924242424242425       0.63672654690618757     
  0.29924242424242425       0.63473053892215570     
  0.29924242424242425       0.63273453093812371     
  0.29924242424242425       0.63073852295409183     
  0.29924242424242425       0.62874251497005984     
  0.29924242424242425       0.62674650698602796     
  0.29924242424242425       0.62475049900199597     
  0.29924242424242425       0.62275449101796410     
  0.29924242424242425       0.62075848303393211     
  0.29924242424242425       0.61876247504990023     
  0.29924242424242425       0.61676646706586824     
  0.29924242424242425       0.61477045908183636     
  0.29924242424242425       0.61277445109780437     
  0.29924242424242425       0.61077844311377250     
  0.29924242424242425       0.60878243512974051     
  0.29924242424242425       0.60678642714570863     
  0.29924242424242425       0.60479041916167664     
  0.29924242424242425       0.60279441117764476     
  0.29924242424242425       0.60079840319361277     
  0.30113636363636365       0.60079840319361277     
  0.30113636363636365       0.59880239520958078     
  0.30113636363636365       0.59680638722554891     
  0.30113636363636365       0.59481037924151692     
  0.30113636363636365       0.59281437125748504     
  0.30113636363636365       0.59081836327345305     
  0.30303030303030304       0.59081836327345305     
  0.30303030303030304       0.58882235528942117     
  0.30303030303030304       0.58682634730538918     
  0.30303030303030304       0.58483033932135731     
  0.30303030303030304       0.58283433133732532     
  0.30492424242424243       0.58283433133732532     
  0.30492424242424243       0.58083832335329344     
  0.30492424242424243       0.57884231536926145     
  0.30492424242424243       0.57684630738522957     
  0.30492424242424243       0.57485029940119758     
  0.30492424242424243       0.57285429141716571     
  0.30681818181818182       0.57285429141716571     
  0.30681818181818182       0.57085828343313372     
  0.30681818181818182       0.56886227544910184     
  0.30681818181818182       0.56686626746506985     
  0.30681818181818182       0.56487025948103797     
  0.30681818181818182       0.56287425149700598     
  0.30681818181818182       0.56087824351297411     
  0.30871212121212122       0.56087824351297411     
  0.30871212121212122       0.55888223552894212     
  0.30871212121212122       0.55688622754491013     
  0.30871212121212122       0.55489021956087825     
  0.30871212121212122       0.55289421157684626     
  0.30871212121212122       0.55089820359281438     
  0.31060606060606061       0.55089820359281438     
  0.31060606060606061       0.54890219560878240     
  0.31060606060606061       0.54690618762475052     
  0.31060606060606061       0.54491017964071853     
  0.31250000000000000       0.54491017964071853     
  0.31250000000000000       0.54291417165668665     
  0.31250000000000000       0.54091816367265466     
  0.31250000000000000       0.53892215568862278     
  0.31439393939393939       0.53892215568862278     
  0.31439393939393939       0.53692614770459079     
  0.31439393939393939       0.53493013972055892     
  0.31439393939393939       0.53293413173652693     
  0.31439393939393939       0.53093812375249505     
  0.31439393939393939       0.52894211576846306     
  0.31628787878787878       0.52894211576846306     
  0.31628787878787878       0.52694610778443118     
  0.31628787878787878       0.52495009980039919     
  0.31628787878787878       0.52295409181636732     
  0.31818181818181818       0.52295409181636732     
  0.31818181818181818       0.52095808383233533     
  0.31818181818181818       0.51896207584830334     
  0.31818181818181818       0.51696606786427146     
  0.31818181818181818       0.51497005988023947     
  0.32007575757575757       0.51497005988023947     
  0.32007575757575757       0.51297405189620759     
  0.32007575757575757       0.51097804391217561     
  0.32196969696969696       0.51097804391217561     
  0.32196969696969696       0.50898203592814373     
  0.32196969696969696       0.50698602794411174     
  0.32196969696969696       0.50499001996007986     
  0.32196969696969696       0.50299401197604787     
  0.32386363636363635       0.50299401197604787     
  0.32386363636363635       0.50099800399201599     
  0.32386363636363635       0.49900199600798401     
  0.32575757575757575       0.49900199600798401     
  0.32575757575757575       0.49700598802395207     
  0.32575757575757575       0.49500998003992014     
  0.32765151515151514       0.49500998003992014     
  0.32765151515151514       0.49301397205588821     
  0.32765151515151514       0.49101796407185627     
  0.32954545454545453       0.49101796407185627     
  0.32954545454545453       0.48902195608782434     
  0.32954545454545453       0.48702594810379241     
  0.32954545454545453       0.48502994011976047     
  0.32954545454545453       0.48303393213572854     
  0.33143939393939392       0.48303393213572854     
  0.33143939393939392       0.48103792415169661     
  0.33143939393939392       0.47904191616766467     
  0.33333333333333331       0.47904191616766467     
  0.33333333333333331       0.47704590818363274     
  0.33333333333333331       0.47504990019960081     
  0.33522727272727271       0.47504990019960081     
  0.33522727272727271       0.47305389221556887     
  0.33522727272727271       0.47105788423153694     
  0.33522727272727271       0.46906187624750501     
  0.33712121212121210       0.46906187624750501     
  0.33712121212121210       0.46706586826347307     
  0.33712121212121210       0.46506986027944114     
  0.33712121212121210       0.46307385229540921     
  0.33901515151515149       0.46307385229540921     
  0.33901515151515149       0.46107784431137727     
  0.33901515151515149       0.45908183632734528     
  0.34090909090909088       0.45908183632734528     
  0.34090909090909088       0.45708582834331335     
  0.34090909090909088       0.45508982035928142     
  0.34090909090909088       0.45309381237524948     
  0.34280303030303028       0.45309381237524948     
  0.34280303030303028       0.45109780439121755     
  0.34280303030303028       0.44910179640718562     
  0.34469696969696972       0.44910179640718562     
  0.34469696969696972       0.44710578842315368     
  0.34469696969696972       0.44510978043912175     
  0.34469696969696972       0.44311377245508982     
  0.34659090909090912       0.44311377245508982     
  0.34659090909090912       0.44111776447105788     
  0.34659090909090912       0.43912175648702595     
  0.34848484848484851       0.43912175648702595     
  0.34848484848484851       0.43712574850299402     
  0.34848484848484851       0.43512974051896208     
  0.35037878787878790       0.43512974051896208     
  0.35037878787878790       0.43313373253493015     
  0.35037878787878790       0.43113772455089822     
  0.35037878787878790       0.42914171656686628     
  0.35227272727272729       0.42914171656686628     
  0.35227272727272729       0.42714570858283435     
  0.35227272727272729       0.42514970059880242     
  0.35227272727272729       0.42315369261477048     
  0.35227272727272729       0.42115768463073855     
  0.35416666666666669       0.42115768463073855     
  0.35416666666666669       0.41916167664670656     
  0.35416666666666669       0.41716566866267463     
  0.35416666666666669       0.41516966067864269     
  0.35416666666666669       0.41317365269461076     
  0.35606060606060608       0.41317365269461076     
  0.35606060606060608       0.41117764471057883     
  0.35606060606060608       0.40918163672654689     
  0.35606060606060608       0.40718562874251496     
  0.35795454545454547       0.40718562874251496     
  0.35795454545454547       0.40518962075848303     
  0.35795454545454547       0.40319361277445109     
  0.35795454545454547       0.40119760479041916     
  0.35795454545454547       0.39920159680638723     
  0.35984848484848486       0.39920159680638723     
  0.35984848484848486       0.39720558882235529     
  0.35984848484848486       0.39520958083832336     
  0.35984848484848486       0.39321357285429143     
  0.35984848484848486       0.39121756487025949     
  0.35984848484848486       0.38922155688622756     
  0.36174242424242425       0.38922155688622756     
  0.36174242424242425       0.38722554890219563     
  0.36174242424242425       0.38522954091816369     
  0.36174242424242425       0.38323353293413176     
  0.36174242424242425       0.38123752495009983     
  0.36363636363636365       0.38123752495009983     
  0.36363636363636365       0.37924151696606784     
  0.36363636363636365       0.37724550898203590     
  0.36363636363636365       0.37524950099800397     
  0.36553030303030304       0.37524950099800397     
  0.36553030303030304       0.37325349301397204     
  0.36553030303030304       0.37125748502994010     
  0.36553030303030304       0.36926147704590817     
  0.36742424242424243       0.36926147704590817     
  0.36742424242424243       0.36726546906187624     
  0.36742424242424243       0.36526946107784430     
  0.36742424242424243       0.36327345309381237     
  0.36742424242424243       0.36127744510978044     
  0.36931818181818182       0.36127744510978044     
  0.36931818181818182       0.35928143712574850     
  0.36931818181818182       0.35728542914171657     
  0.37121212121212122       0.35728542914171657     
  0.37121212121212122       0.35528942115768464     
  0.37121212121212122       0.35329341317365270     
  0.37121212121212122       0.35129740518962077     
  0.37310606060606061       0.35129740518962077     
  0.37310606060606061       0.34930139720558884     
  0.37310606060606061       0.34730538922155690     
  0.37310606060606061       0.34530938123752497     
  0.37500000000000000       0.34530938123752497     
  0.37500000000000000       0.34331337325349304     
  0.37500000000000000       0.34131736526946110     
  0.37500000000000000       0.33932135728542911     
  0.37500000000000000       0.33732534930139718     
  0.37689393939393939       0.33732534930139718     
  0.37689393939393939       0.33532934131736525     
  0.37689393939393939       0.33333333333333331     
  0.37689393939393939       0.33133732534930138     
  0.37689393939393939       0.32934131736526945     
  0.37878787878787878       0.32934131736526945     
  0.37878787878787878       0.32734530938123751     
  0.37878787878787878       0.32534930139720558     
  0.37878787878787878       0.32335329341317365     
  0.37878787878787878       0.32135728542914171     
  0.38068181818181818       0.32135728542914171     
  0.38068181818181818       0.31936127744510978     
  0.38068181818181818       0.31736526946107785     
  0.38068181818181818       0.31536926147704591     
  0.38068181818181818       0.31337325349301398     
  0.38257575757575757       0.31337325349301398     
  0.38257575757575757       0.31137724550898205     
  0.38257575757575757       0.30938123752495011     
  0.38257575757575757       0.30738522954091818     
  0.38257575757575757       0.30538922155688625     
  0.38257575757575757       0.30339321357285431     
  0.38257575757575757       0.30139720558882238     
  0.38446969696969696       0.30139720558882238     
  0.38446969696969696       0.29940119760479039     
  0.38446969696969696       0.29740518962075846     
  0.38446969696969696       0.29540918163672653     
  0.38446969696969696       0.29341317365269459     
  0.38636363636363635       0.29341317365269459     
  0.38636363636363635       0.29141716566866266     
  0.38636363636363635       0.28942115768463073     
  0.38636363636363635       0.28742514970059879     
  0.38636363636363635       0.28542914171656686     
  0.38825757575757575       0.28542914171656686     
  0.38825757575757575       0.28343313373253493     
  0.38825757575757575       0.28143712574850299     
  0.38825757575757575       0.27944111776447106     
  0.38825757575757575       0.27744510978043913     
  0.39015151515151514       0.27744510978043913     
  0.39015151515151514       0.27544910179640719     
  0.39015151515151514       0.27345309381237526     
  0.39015151515151514       0.27145708582834333     
  0.39015151515151514       0.26946107784431139     
  0.39015151515151514       0.26746506986027946     
  0.39015151515151514       0.26546906187624753     
  0.39204545454545453       0.26546906187624753     
  0.39204545454545453       0.26347305389221559     
  0.39204545454545453       0.26147704590818366     
  0.39204545454545453       0.25948103792415167     
  0.39204545454545453       0.25748502994011974     
  0.39393939393939392       0.25748502994011974     
  0.39393939393939392       0.25548902195608780     
  0.39393939393939392       0.25349301397205587     
  0.39393939393939392       0.25149700598802394     
  0.39583333333333331       0.25149700598802394     
  0.39583333333333331       0.24950099800399200     
  0.39583333333333331       0.24750499001996007     
  0.39772727272727271       0.24750499001996007     
  0.39772727272727271       0.24550898203592814     
  0.39772727272727271       0.24351297405189620     
  0.39772727272727271       0.24151696606786427     
  0.39772727272727271       0.23952095808383234     
  0.39962121212121210       0.23952095808383234     
  0.39962121212121210       0.23752495009980040     
  0.39962121212121210       0.23552894211576847     
  0.39962121212121210       0.23353293413173654     
  0.40151515151515149       0.23353293413173654     
  0.40151515151515149       0.23153692614770460     
  0.40151515151515149       0.22954091816367264     
  0.40151515151515149       0.22754491017964071     
  0.40340909090909088       0.22754491017964071     
  0.40340909090909088       0.22554890219560877     
  0.40340909090909088       0.22355289421157684     
  0.40340909090909088       0.22155688622754491     
  0.40530303030303028       0.22155688622754491     
  0.40530303030303028       0.21956087824351297     
  0.40530303030303028       0.21756487025948104     
  0.40530303030303028       0.21556886227544911     
  0.40530303030303028       0.21357285429141717     
  0.40719696969696972       0.21357285429141717     
  0.40719696969696972       0.21157684630738524     
  0.40719696969696972       0.20958083832335328     
  0.40719696969696972       0.20758483033932135     
  0.40909090909090912       0.20758483033932135     
  0.40909090909090912       0.20558882235528941     
  0.40909090909090912       0.20359281437125748     
  0.41098484848484851       0.20359281437125748     
  0.41098484848484851       0.20159680638722555     
  0.41098484848484851       0.19960079840319361     
  0.41287878787878790       0.19960079840319361     
  0.41287878787878790       0.19760479041916168     
  0.41287878787878790       0.19560878243512975     
  0.41287878787878790       0.19361277445109781     
  0.41287878787878790       0.19161676646706588     
  0.41477272727272729       0.19161676646706588     
  0.41477272727272729       0.18962075848303392     
  0.41477272727272729       0.18762475049900199     
  0.41666666666666669       0.18762475049900199     
  0.41666666666666669       0.18562874251497005     
  0.41666666666666669       0.18363273453093812     
  0.41856060606060608       0.18363273453093812     
  0.41856060606060608       0.18163672654690619     
  0.41856060606060608       0.17964071856287425     
  0.41856060606060608       0.17764471057884232     
  0.42045454545454547       0.17764471057884232     
  0.42045454545454547       0.17564870259481039     
  0.42045454545454547       0.17365269461077845     
  0.42045454545454547       0.17165668662674652     
  0.42234848484848486       0.17165668662674652     
  0.42234848484848486       0.16966067864271456     
  0.42234848484848486       0.16766467065868262     
  0.42424242424242425       0.16766467065868262     
  0.42424242424242425       0.16566866267465069     
  0.42424242424242425       0.16367265469061876     
  0.42424242424242425       0.16167664670658682     
  0.42613636363636365       0.16167664670658682     
  0.42613636363636365       0.15968063872255489     
  0.42613636363636365       0.15768463073852296     
  0.42803030303030304       0.15768463073852296     
  0.42803030303030304       0.15568862275449102     
  0.42803030303030304       0.15369261477045909     
  0.42803030303030304       0.15169660678642716     
  0.42803030303030304       0.14970059880239520     
  0.42803030303030304       0.14770459081836326     
  0.42992424242424243       0.14770459081836326     
  0.42992424242424243       0.14570858283433133     
  0.42992424242424243       0.14371257485029940     
  0.42992424242424243       0.14171656686626746     
  0.42992424242424243       0.13972055888223553     
  0.43181818181818182       0.13972055888223553     
  0.43181818181818182       0.13772455089820360     
  0.43181818181818182       0.13572854291417166     
  0.43181818181818182       0.13373253493013973     
  0.43371212121212122       0.13373253493013973     
  0.43371212121212122       0.13173652694610780     
  0.43371212121212122       0.12974051896207583     
  0.43371212121212122       0.12774451097804390     
  0.43371212121212122       0.12574850299401197     
  0.43371212121212122       0.12375249500998003     
  0.43560606060606061       0.12375249500998003     
  0.43560606060606061       0.12175648702594810     
  0.43560606060606061       0.11976047904191617     
  0.43560606060606061       0.11776447105788423     
  0.43750000000000000       0.11776447105788423     
  0.43750000000000000       0.11576846307385230     
  0.43750000000000000       0.11377245508982035     
  0.43939393939393939       0.11377245508982035     
  0.43939393939393939       0.11177644710578842     
  0.43939393939393939       0.10978043912175649     
  0.44128787878787878       0.10978043912175649     
  0.44128787878787878       0.10778443113772455     
  0.44128787878787878       0.10578842315369262     
  0.44318181818181818       0.10578842315369262     
  0.44318181818181818       0.10379241516966067     
  0.44318181818181818       0.10179640718562874     
  0.44318181818181818        9.9800399201596807E-002
  0.44507575757575757        9.9800399201596807E-002
  0.44507575757575757        9.7804391217564873E-002
  0.44507575757575757        9.5808383233532940E-002
  0.44696969696969696        9.5808383233532940E-002
  0.44696969696969696        9.3812375249500993E-002
  0.44696969696969696        9.1816367265469059E-002
  0.44886363636363635        9.1816367265469059E-002
  0.44886363636363635        8.9820359281437126E-002
  0.44886363636363635        8.7824351297405193E-002
  0.44886363636363635        8.5828343313373259E-002
  0.45075757575757575        8.5828343313373259E-002
  0.45075757575757575        8.3832335329341312E-002
  0.45075757575757575        8.1836327345309379E-002
  0.45265151515151514        8.1836327345309379E-002
  0.45265151515151514        7.9840319361277445E-002
  0.45265151515151514        7.7844311377245512E-002
  0.45454545454545453        7.7844311377245512E-002
  0.45454545454545453        7.5848303393213579E-002
  0.45454545454545453        7.3852295409181631E-002
  0.45643939393939392        7.3852295409181631E-002
  0.45643939393939392        7.1856287425149698E-002
  0.45643939393939392        6.9860279441117765E-002
  0.45833333333333331        6.9860279441117765E-002
  0.45833333333333331        6.7864271457085831E-002
  0.45833333333333331        6.5868263473053898E-002
  0.46022727272727271        6.5868263473053898E-002
  0.46022727272727271        6.3872255489021951E-002
  0.46212121212121210        6.3872255489021951E-002
  0.46212121212121210        6.1876247504990017E-002
  0.46401515151515149        6.1876247504990017E-002
  0.46401515151515149        5.9880239520958084E-002
  0.46401515151515149        5.7884231536926151E-002
  0.46590909090909088        5.7884231536926151E-002
  0.46590909090909088        5.5888223552894210E-002
  0.46780303030303028        5.5888223552894210E-002
  0.46780303030303028        5.3892215568862277E-002
  0.46969696969696972        5.3892215568862277E-002
  0.46969696969696972        5.1896207584830337E-002
  0.46969696969696972        4.9900199600798403E-002
  0.47159090909090912        4.9900199600798403E-002
  0.47159090909090912        4.7904191616766470E-002
  0.47348484848484851        4.7904191616766470E-002
  0.47348484848484851        4.5908183632734530E-002
  0.47348484848484851        4.3912175648702596E-002
  0.47537878787878790        4.3912175648702596E-002
  0.47537878787878790        4.1916167664670656E-002
  0.47727272727272729        4.1916167664670656E-002
  0.47727272727272729        3.9920159680638723E-002
  0.47916666666666669        3.9920159680638723E-002
  0.47916666666666669        3.7924151696606789E-002
  0.47916666666666669        3.5928143712574849E-002
  0.48106060606060608        3.5928143712574849E-002
  0.48106060606060608        3.3932135728542916E-002
  0.48106060606060608        3.1936127744510975E-002
  0.48295454545454547        3.1936127744510975E-002
  0.48295454545454547        2.9940119760479042E-002
  0.48295454545454547        2.7944111776447105E-002
  0.48484848484848486        2.7944111776447105E-002
  0.48484848484848486        2.5948103792415168E-002
  0.48674242424242425        2.5948103792415168E-002
  0.48674242424242425        2.3952095808383235E-002
  0.48674242424242425        2.1956087824351298E-002
  0.48863636363636365        2.1956087824351298E-002
  0.49053030303030304        2.1956087824351298E-002
  0.49053030303030304        1.9960079840319361E-002
  0.49242424242424243        1.9960079840319361E-002
  0.49431818181818182        1.9960079840319361E-002
  0.49431818181818182        1.7964071856287425E-002
  0.49621212121212122        1.7964071856287425E-002
  0.49621212121212122        1.5968063872255488E-002
  0.49810606060606061        1.5968063872255488E-002
  0.50000000000000000        1.5968063872255488E-002
  0.50000000000000000        1.3972055888223553E-002
  0.50189393939393945        1.3972055888223553E-002
  0.50378787878787878        1.3972055888223553E-002
  0.50378787878787878        1.1976047904191617E-002
  0.50568181818181823        1.1976047904191617E-002
  0.50757575757575757        1.1976047904191617E-002
  0.50946969696969702        1.1976047904191617E-002
  0.51136363636363635        1.1976047904191617E-002
  0.51136363636363635        9.9800399201596807E-003
  0.51325757575757580        9.9800399201596807E-003
  0.51515151515151514        9.9800399201596807E-003
  0.51704545454545459        9.9800399201596807E-003
  0.51704545454545459        7.9840319361277438E-003
  0.51893939393939392        7.9840319361277438E-003
  0.52083333333333337        7.9840319361277438E-003
  0.52272727272727271        7.9840319361277438E-003
  0.52272727272727271        5.9880239520958087E-003
  0.52462121212121215        5.9880239520958087E-003
  0.52651515151515149        5.9880239520958087E-003
  0.52840909090909094        5.9880239520958087E-003
  0.52840909090909094        3.9920159680638719E-003
  0.53030303030303028        3.9920159680638719E-003
  0.53219696969696972        3.9920159680638719E-003
  0.53409090909090906        3.9920159680638719E-003
  0.53598484848484851        3.9920159680638719E-003
  0.53598484848484851        1.9960079840319360E-003
  0.53787878787878785        1.9960079840319360E-003
  0.53977272727272729        1.9960079840319360E-003
  0.54166666666666663        1.9960079840319360E-003
  0.54166666666666663        0.0000000000000000     
  0.54356060606060608        0.0000000000000000     
  0.54545454545454541        0.0000000000000000     
  0.54734848484848486        0.0000000000000000     
  0.54924242424242420        0.0000000000000000     
  0.55113636363636365        0.0000000000000000     
  0.55303030303030298        0.0000000000000000     
  0.55303030303030298        1.9960079840319360E-003
  0.55492424242424243        1.9960079840319360E-003
  0.55681818181818177        1.9960079840319360E-003
  0.55871212121212122        1.9960079840319360E-003
  0.55871212121212122        3.9920159680638719E-003
  0.56060606060606055        3.9920159680638719E-003
  0.56250000000000000        3.9920159680638719E-003
  0.56439393939393945        3.9920159680638719E-003
  0.56628787878787878        3.9920159680638719E-003
  0.56818181818181823        3.9920159680638719E-003
  0.56818181818181823        5.9880239520958087E-003
  0.57007575757575757        5.9880239520958087E-003
  0.57196969696969702        5.9880239520958087E-003
  0.57386363636363635        5.9880239520958087E-003
  0.57386363636363635        7.9840319361277438E-003
  0.57575757575757580        7.9840319361277438E-003
  0.57765151515151514        7.9840319361277438E-003
  0.57954545454545459        7.9840319361277438E-003
  0.57954545454545459        9.9800399201596807E-003
  0.58143939393939392        9.9800399201596807E-003
  0.58333333333333337        9.9800399201596807E-003
  0.58333333333333337        1.1976047904191617E-002
  0.58522727272727271        1.1976047904191617E-002
  0.58522727272727271        1.3972055888223553E-002
  0.58712121212121215        1.3972055888223553E-002
  0.58712121212121215        1.5968063872255488E-002
  0.58901515151515149        1.5968063872255488E-002
  0.59090909090909094        1.5968063872255488E-002
  0.59090909090909094        1.7964071856287425E-002
  0.59280303030303028        1.7964071856287425E-002
  0.59280303030303028        1.9960079840319361E-002
  0.59469696969696972        1.9960079840319361E-002
  0.59469696969696972        2.1956087824351298E-002
  0.59469696969696972        2.3952095808383235E-002
  0.59659090909090906        2.3952095808383235E-002
  0.59659090909090906        2.5948103792415168E-002
  0.59848484848484851        2.5948103792415168E-002
  0.59848484848484851        2.7944111776447105E-002
  0.59848484848484851        2.9940119760479042E-002
  0.60037878787878785        2.9940119760479042E-002
  0.60037878787878785        3.1936127744510975E-002
  0.60227272727272729        3.1936127744510975E-002
  0.60227272727272729        3.3932135728542916E-002
  0.60227272727272729        3.5928143712574849E-002
  0.60416666666666663        3.5928143712574849E-002
  0.60416666666666663        3.7924151696606789E-002
  0.60606060606060608        3.7924151696606789E-002
  0.60606060606060608        3.9920159680638723E-002
  0.60606060606060608        4.1916167664670656E-002
  0.60795454545454541        4.1916167664670656E-002
  0.60795454545454541        4.3912175648702596E-002
  0.60984848484848486        4.3912175648702596E-002
  0.60984848484848486        4.5908183632734530E-002
  0.60984848484848486        4.7904191616766470E-002
  0.60984848484848486        4.9900199600798403E-002
  0.61174242424242420        4.9900199600798403E-002
  0.61174242424242420        5.1896207584830337E-002
  0.61174242424242420        5.3892215568862277E-002
  0.61363636363636365        5.3892215568862277E-002
  0.61363636363636365        5.5888223552894210E-002
  0.61363636363636365        5.7884231536926151E-002
  0.61363636363636365        5.9880239520958084E-002
  0.61363636363636365        6.1876247504990017E-002
  0.61363636363636365        6.3872255489021951E-002
  0.61553030303030298        6.3872255489021951E-002
  0.61553030303030298        6.5868263473053898E-002
  0.61553030303030298        6.7864271457085831E-002
  0.61742424242424243        6.7864271457085831E-002
  0.61742424242424243        6.9860279441117765E-002
  0.61742424242424243        7.1856287425149698E-002
  0.61742424242424243        7.3852295409181631E-002
  0.61931818181818177        7.3852295409181631E-002
  0.61931818181818177        7.5848303393213579E-002
  0.61931818181818177        7.7844311377245512E-002
  0.61931818181818177        7.9840319361277445E-002
  0.62121212121212122        7.9840319361277445E-002
  0.62121212121212122        8.1836327345309379E-002
  0.62121212121212122        8.3832335329341312E-002
  0.62121212121212122        8.5828343313373259E-002
  0.62121212121212122        8.7824351297405193E-002
  0.62121212121212122        8.9820359281437126E-002
  0.62310606060606055        8.9820359281437126E-002
  0.62310606060606055        9.1816367265469059E-002
  0.62310606060606055        9.3812375249500993E-002
  0.62310606060606055        9.5808383233532940E-002
  0.62310606060606055        9.7804391217564873E-002
  0.62500000000000000        9.7804391217564873E-002
  0.62500000000000000        9.9800399201596807E-002
  0.62500000000000000       0.10179640718562874     
  0.62500000000000000       0.10379241516966067     
  0.62500000000000000       0.10578842315369262     
  0.62689393939393945       0.10578842315369262     
  0.62689393939393945       0.10778443113772455     
  0.62689393939393945       0.10978043912175649     
  0.62689393939393945       0.11177644710578842     
  0.62689393939393945       0.11377245508982035     
  0.62878787878787878       0.11377245508982035     
  0.62878787878787878       0.11576846307385230     
  0.62878787878787878       0.11776447105788423     
  0.62878787878787878       0.11976047904191617     
  0.62878787878787878       0.12175648702594810     
  0.62878787878787878       0.12375249500998003     
  0.62878787878787878       0.12574850299401197     
  0.62878787878787878       0.12774451097804390     
  0.63068181818181823       0.12774451097804390     
  0.63068181818181823       0.12974051896207583     
  0.63068181818181823       0.13173652694610780     
  0.63068181818181823       0.13373253493013973     
  0.63068181818181823       0.13572854291417166     
  0.63068181818181823       0.13772455089820360     
  0.63068181818181823       0.13972055888223553     
  0.63257575757575757       0.13972055888223553     
  0.63257575757575757       0.14171656686626746     
  0.63257575757575757       0.14371257485029940     
  0.63257575757575757       0.14570858283433133     
  0.63257575757575757       0.14770459081836326     
  0.63257575757575757       0.14970059880239520     
  0.63257575757575757       0.15169660678642716     
  0.63446969696969702       0.15169660678642716     
  0.63446969696969702       0.15369261477045909     
  0.63446969696969702       0.15568862275449102     
  0.63446969696969702       0.15768463073852296     
  0.63446969696969702       0.15968063872255489     
  0.63446969696969702       0.16167664670658682     
  0.63636363636363635       0.16167664670658682     
  0.63636363636363635       0.16367265469061876     
  0.63636363636363635       0.16566866267465069     
  0.63636363636363635       0.16766467065868262     
  0.63636363636363635       0.16966067864271456     
  0.63825757575757580       0.16966067864271456     
  0.63825757575757580       0.17165668662674652     
  0.63825757575757580       0.17365269461077845     
  0.63825757575757580       0.17564870259481039     
  0.64015151515151514       0.17564870259481039     
  0.64015151515151514       0.17764471057884232     
  0.64015151515151514       0.17964071856287425     
  0.64015151515151514       0.18163672654690619     
  0.64015151515151514       0.18363273453093812     
  0.64204545454545459       0.18363273453093812     
  0.64204545454545459       0.18562874251497005     
  0.64204545454545459       0.18762475049900199     
  0.64204545454545459       0.18962075848303392     
  0.64204545454545459       0.19161676646706588     
  0.64393939393939392       0.19161676646706588     
  0.64393939393939392       0.19361277445109781     
  0.64393939393939392       0.19560878243512975     
  0.64393939393939392       0.19760479041916168     
  0.64393939393939392       0.19960079840319361     
  0.64393939393939392       0.20159680638722555     
  0.64583333333333337       0.20159680638722555     
  0.64583333333333337       0.20359281437125748     
  0.64583333333333337       0.20558882235528941     
  0.64583333333333337       0.20758483033932135     
  0.64583333333333337       0.20958083832335328     
  0.64772727272727271       0.20958083832335328     
  0.64772727272727271       0.21157684630738524     
  0.64772727272727271       0.21357285429141717     
  0.64772727272727271       0.21556886227544911     
  0.64772727272727271       0.21756487025948104     
  0.64772727272727271       0.21956087824351297     
  0.64962121212121215       0.21956087824351297     
  0.64962121212121215       0.22155688622754491     
  0.64962121212121215       0.22355289421157684     
  0.64962121212121215       0.22554890219560877     
  0.64962121212121215       0.22754491017964071     
  0.65151515151515149       0.22754491017964071     
  0.65151515151515149       0.22954091816367264     
  0.65151515151515149       0.23153692614770460     
  0.65151515151515149       0.23353293413173654     
  0.65151515151515149       0.23552894211576847     
  0.65151515151515149       0.23752495009980040     
  0.65151515151515149       0.23952095808383234     
  0.65340909090909094       0.23952095808383234     
  0.65340909090909094       0.24151696606786427     
  0.65340909090909094       0.24351297405189620     
  0.65340909090909094       0.24550898203592814     
  0.65340909090909094       0.24750499001996007     
  0.65340909090909094       0.24950099800399200     
  0.65340909090909094       0.25149700598802394     
  0.65530303030303028       0.25149700598802394     
  0.65530303030303028       0.25349301397205587     
  0.65530303030303028       0.25548902195608780     
  0.65530303030303028       0.25748502994011974     
  0.65530303030303028       0.25948103792415167     
  0.65530303030303028       0.26147704590818366     
  0.65530303030303028       0.26347305389221559     
  0.65719696969696972       0.26347305389221559     
  0.65719696969696972       0.26546906187624753     
  0.65719696969696972       0.26746506986027946     
  0.65719696969696972       0.26946107784431139     
  0.65719696969696972       0.27145708582834333     
  0.65719696969696972       0.27345309381237526     
  0.65719696969696972       0.27544910179640719     
  0.65909090909090906       0.27544910179640719     
  0.65909090909090906       0.27744510978043913     
  0.65909090909090906       0.27944111776447106     
  0.65909090909090906       0.28143712574850299     
  0.65909090909090906       0.28343313373253493     
  0.65909090909090906       0.28542914171656686     
  0.65909090909090906       0.28742514970059879     
  0.66098484848484851       0.28742514970059879     
  0.66098484848484851       0.28942115768463073     
  0.66098484848484851       0.29141716566866266     
  0.66287878787878785       0.29141716566866266     
  0.66287878787878785       0.29341317365269459     
  0.66287878787878785       0.29540918163672653     
  0.66287878787878785       0.29740518962075846     
  0.66477272727272729       0.29740518962075846     
  0.66477272727272729       0.29940119760479039     
  0.66477272727272729       0.30139720558882238     
  0.66477272727272729       0.30339321357285431     
  0.66666666666666663       0.30339321357285431     
  0.66666666666666663       0.30538922155688625     
  0.66666666666666663       0.30738522954091818     
  0.66666666666666663       0.30938123752495011     
  0.66856060606060608       0.30938123752495011     
  0.66856060606060608       0.31137724550898205     
  0.66856060606060608       0.31337325349301398     
  0.66856060606060608       0.31536926147704591     
  0.67045454545454541       0.31536926147704591     
  0.67045454545454541       0.31736526946107785     
  0.67045454545454541       0.31936127744510978     
  0.67045454545454541       0.32135728542914171     
  0.67234848484848486       0.32135728542914171     
  0.67234848484848486       0.32335329341317365     
  0.67234848484848486       0.32534930139720558     
  0.67234848484848486       0.32734530938123751     
  0.67424242424242420       0.32734530938123751     
  0.67424242424242420       0.32934131736526945     
  0.67424242424242420       0.33133732534930138     
  0.67424242424242420       0.33333333333333331     
  0.67613636363636365       0.33333333333333331     
  0.67613636363636365       0.33532934131736525     
  0.67613636363636365       0.33732534930139718     
  0.67613636363636365       0.33932135728542911     
  0.67803030303030298       0.33932135728542911     
  0.67803030303030298       0.34131736526946110     
  0.67803030303030298       0.34331337325349304     
  0.67803030303030298       0.34530938123752497     
  0.67992424242424243       0.34530938123752497     
  0.67992424242424243       0.34730538922155690     
  0.67992424242424243       0.34930139720558884     
  0.68181818181818177       0.34930139720558884     
  0.68181818181818177       0.35129740518962077     
  0.68181818181818177       0.35329341317365270     
  0.68181818181818177       0.35528942115768464     
  0.68181818181818177       0.35728542914171657     
  0.68371212121212122       0.35728542914171657     
  0.68371212121212122       0.35928143712574850     
  0.68371212121212122       0.36127744510978044     
  0.68371212121212122       0.36327345309381237     
  0.68560606060606055       0.36327345309381237     
  0.68560606060606055       0.36526946107784430     
  0.68560606060606055       0.36726546906187624     
  0.68560606060606055       0.36926147704590817     
  0.68560606060606055       0.37125748502994010     
  0.68560606060606055       0.37325349301397204     
  0.68560606060606055       0.37524950099800397     
  0.68560606060606055       0.37724550898203590     
  0.68750000000000000       0.37724550898203590     
  0.68750000000000000       0.37924151696606784     
  0.68750000000000000       0.38123752495009983     
  0.68750000000000000       0.38323353293413176     
  0.68750000000000000       0.38522954091816369     
  0.68750000000000000       0.38722554890219563     
  0.68750000000000000       0.38922155688622756     
  0.68750000000000000       0.39121756487025949     
  0.68750000000000000       0.39321357285429143     
  0.68939393939393945       0.39321357285429143     
  0.68939393939393945       0.39520958083832336     
  0.68939393939393945       0.39720558882235529     
  0.68939393939393945       0.39920159680638723     
  0.68939393939393945       0.40119760479041916     
  0.68939393939393945       0.40319361277445109     
  0.68939393939393945       0.40518962075848303     
  0.68939393939393945       0.40718562874251496     
  0.68939393939393945       0.40918163672654689     
  0.68939393939393945       0.41117764471057883     
  0.69128787878787878       0.41117764471057883     
  0.69128787878787878       0.41317365269461076     
  0.69128787878787878       0.41516966067864269     
  0.69128787878787878       0.41716566866267463     
  0.69318181818181823       0.41716566866267463     
  0.69318181818181823       0.41916167664670656     
  0.69318181818181823       0.42115768463073855     
  0.69318181818181823       0.42315369261477048     
  0.69318181818181823       0.42514970059880242     
  0.69507575757575757       0.42514970059880242     
  0.69507575757575757       0.42714570858283435     
  0.69507575757575757       0.42914171656686628     
  0.69507575757575757       0.43113772455089822     
  0.69507575757575757       0.43313373253493015     
  0.69696969696969702       0.43313373253493015     
  0.69696969696969702       0.43512974051896208     
  0.69696969696969702       0.43712574850299402     
  0.69696969696969702       0.43912175648702595     
  0.69696969696969702       0.44111776447105788     
  0.69696969696969702       0.44311377245508982     
  0.69886363636363635       0.44311377245508982     
  0.69886363636363635       0.44510978043912175     
  0.69886363636363635       0.44710578842315368     
  0.69886363636363635       0.44910179640718562     
  0.69886363636363635       0.45109780439121755     
  0.70075757575757580       0.45109780439121755     
  0.70075757575757580       0.45309381237524948     
  0.70075757575757580       0.45508982035928142     
  0.70075757575757580       0.45708582834331335     
  0.70075757575757580       0.45908183632734528     
  0.70075757575757580       0.46107784431137727     
  0.70265151515151514       0.46107784431137727     
  0.70265151515151514       0.46307385229540921     
  0.70265151515151514       0.46506986027944114     
  0.70265151515151514       0.46706586826347307     
  0.70265151515151514       0.46906187624750501     
  0.70265151515151514       0.47105788423153694     
  0.70454545454545459       0.47105788423153694     
  0.70454545454545459       0.47305389221556887     
  0.70454545454545459       0.47504990019960081     
  0.70454545454545459       0.47704590818363274     
  0.70454545454545459       0.47904191616766467     
  0.70454545454545459       0.48103792415169661     
  0.70454545454545459       0.48303393213572854     
  0.70454545454545459       0.48502994011976047     
  0.70643939393939392       0.48502994011976047     
  0.70643939393939392       0.48702594810379241     
  0.70643939393939392       0.48902195608782434     
  0.70643939393939392       0.49101796407185627     
  0.70833333333333337       0.49101796407185627     
  0.70833333333333337       0.49301397205588821     
  0.70833333333333337       0.49500998003992014     
  0.70833333333333337       0.49700598802395207     
  0.71022727272727271       0.49700598802395207     
  0.71022727272727271       0.49900199600798401     
  0.71022727272727271       0.50099800399201599     
  0.71212121212121215       0.50099800399201599     
  0.71212121212121215       0.50299401197604787     
  0.71212121212121215       0.50499001996007986     
  0.71212121212121215       0.50698602794411174     
  0.71401515151515149       0.50698602794411174     
  0.71401515151515149       0.50898203592814373     
  0.71401515151515149       0.51097804391217561     
  0.71590909090909094       0.51097804391217561     
  0.71590909090909094       0.51297405189620759     
  0.71590909090909094       0.51497005988023947     
  0.71780303030303028       0.51497005988023947     
  0.71780303030303028       0.51696606786427146     
  0.71780303030303028       0.51896207584830334     
  0.71969696969696972       0.51896207584830334     
  0.71969696969696972       0.52095808383233533     
  0.71969696969696972       0.52295409181636732     
  0.71969696969696972       0.52495009980039919     
  0.72159090909090906       0.52495009980039919     
  0.72159090909090906       0.52694610778443118     
  0.72159090909090906       0.52894211576846306     
  0.72159090909090906       0.53093812375249505     
  0.72348484848484851       0.53093812375249505     
  0.72348484848484851       0.53293413173652693     
  0.72348484848484851       0.53493013972055892     
  0.72537878787878785       0.53493013972055892     
  0.72537878787878785       0.53692614770459079     
  0.72537878787878785       0.53892215568862278     
  0.72537878787878785       0.54091816367265466     
  0.72727272727272729       0.54091816367265466     
  0.72727272727272729       0.54291417165668665     
  0.72727272727272729       0.54491017964071853     
  0.72727272727272729       0.54690618762475052     
  0.72727272727272729       0.54890219560878240     
  0.72727272727272729       0.55089820359281438     
  0.72916666666666663       0.55089820359281438     
  0.72916666666666663       0.55289421157684626     
  0.72916666666666663       0.55489021956087825     
  0.72916666666666663       0.55688622754491013     
  0.72916666666666663       0.55888223552894212     
  0.73106060606060608       0.55888223552894212     
  0.73106060606060608       0.56087824351297411     
  0.73106060606060608       0.56287425149700598     
  0.73106060606060608       0.56487025948103797     
  0.73295454545454541       0.56487025948103797     
  0.73295454545454541       0.56686626746506985     
  0.73295454545454541       0.56886227544910184     
  0.73295454545454541       0.57085828343313372     
  0.73295454545454541       0.57285429141716571     
  0.73484848484848486       0.57285429141716571     
  0.73484848484848486       0.57485029940119758     
  0.73484848484848486       0.57684630738522957     
  0.73484848484848486       0.57884231536926145     
  0.73484848484848486       0.58083832335329344     
  0.73484848484848486       0.58283433133732532     
  0.73484848484848486       0.58483033932135731     
  0.73674242424242420       0.58483033932135731     
  0.73674242424242420       0.58682634730538918     
  0.73674242424242420       0.58882235528942117     
  0.73674242424242420       0.59081836327345305     
  0.73674242424242420       0.59281437125748504     
  0.73674242424242420       0.59481037924151692     
  0.73863636363636365       0.59481037924151692     
  0.73863636363636365       0.59680638722554891     
  0.73863636363636365       0.59880239520958078     
  0.73863636363636365       0.60079840319361277     
  0.73863636363636365       0.60279441117764476     
  0.74053030303030298       0.60279441117764476     
  0.74053030303030298       0.60479041916167664     
  0.74053030303030298       0.60678642714570863     
  0.74053030303030298       0.60878243512974051     
  0.74053030303030298       0.61077844311377250     
  0.74053030303030298       0.61277445109780437     
  0.74053030303030298       0.61477045908183636     
  0.74053030303030298       0.61676646706586824     
  0.74053030303030298       0.61876247504990023     
  0.74053030303030298       0.62075848303393211     
  0.74053030303030298       0.62275449101796410     
  0.74242424242424243       0.62275449101796410     
  0.74242424242424243       0.62475049900199597     
  0.74242424242424243       0.62674650698602796     
  0.74242424242424243       0.62874251497005984     
  0.74242424242424243       0.63073852295409183     
  0.74242424242424243       0.63273453093812371     
  0.74242424242424243       0.63473053892215570     
  0.74242424242424243       0.63672654690618757     
  0.74242424242424243       0.63872255489021956     
  0.74242424242424243       0.64071856287425155     
  0.74242424242424243       0.64271457085828343     
  0.74242424242424243       0.64471057884231542     
  0.74242424242424243       0.64670658682634730     
  0.74242424242424243       0.64870259481037928     
  0.74242424242424243       0.65069860279441116     
  0.74242424242424243       0.65269461077844315     
  0.74242424242424243       0.65469061876247503     
  0.74242424242424243       0.65668662674650702     
  0.74242424242424243       0.65868263473053890     
  0.74053030303030298       0.65868263473053890     
  0.74053030303030298       0.66067864271457089     
  0.74053030303030298       0.66267465069860276     
  0.74053030303030298       0.66467065868263475     
  0.74053030303030298       0.66666666666666663     
  0.74053030303030298       0.66866267465069862     
  0.74053030303030298       0.67065868263473050     
  0.74053030303030298       0.67265469061876249     
  0.74053030303030298       0.67465069860279436     
  0.73863636363636365       0.67465069860279436     
  0.73863636363636365       0.67664670658682635     
  0.73863636363636365       0.67864271457085823     
  0.73863636363636365       0.68063872255489022     
  0.73863636363636365       0.68263473053892221     
  0.73863636363636365       0.68463073852295409     
  0.73863636363636365       0.68662674650698607     
  0.73863636363636365       0.68862275449101795     
  0.73863636363636365       0.69061876247504994     
  0.73863636363636365       0.69261477045908182     
  0.73674242424242420       0.69261477045908182     
  0.73674242424242420       0.69461077844311381     
  0.73674242424242420       0.69660678642714569     
  0.73674242424242420       0.69860279441117767     
  0.73674242424242420       0.70059880239520955     
  0.73674242424242420       0.70259481037924154     
  0.73674242424242420       0.70459081836327342     
  0.73674242424242420       0.70658682634730541     
  0.73674242424242420       0.70858283433133729     
  0.73674242424242420       0.71057884231536927     
  0.73674242424242420       0.71257485029940115     
  0.73484848484848486       0.71257485029940115     
  0.73484848484848486       0.71457085828343314     
  0.73484848484848486       0.71656686626746502     
  0.73484848484848486       0.71856287425149701     
  0.73674242424242420       0.71856287425149701     
  0.73674242424242420       0.72055888223552900     
  0.73863636363636365       0.72055888223552900     
  0.73863636363636365       0.72255489021956087     
  0.74053030303030298       0.72255489021956087     
  0.74242424242424243       0.72255489021956087     
  0.74431818181818177       0.72255489021956087     
  0.74621212121212122       0.72255489021956087     
  0.74810606060606055       0.72255489021956087     
  0.75000000000000000       0.72255489021956087     
  0.75189393939393945       0.72255489021956087     
  0.75378787878787878       0.72255489021956087     
  0.75568181818181823       0.72255489021956087     
  0.75757575757575757       0.72255489021956087     
  0.75946969696969702       0.72255489021956087     
  0.76136363636363635       0.72255489021956087     
  0.76325757575757580       0.72255489021956087     
  0.76515151515151514       0.72255489021956087     
  0.76704545454545459       0.72255489021956087     
  0.76893939393939392       0.72255489021956087     
  0.77083333333333337       0.72255489021956087     
  0.77272727272727271       0.72255489021956087     
  0.77462121212121215       0.72255489021956087     
  0.77651515151515149       0.72255489021956087     
  0.77840909090909094       0.72255489021956087     
  0.78030303030303028       0.72255489021956087     
  0.78219696969696972       0.72255489021956087     
  0.78409090909090906       0.72255489021956087     
  0.78598484848484851       0.72255489021956087     
  0.78787878787878785       0.72255489021956087     
  0.78977272727272729       0.72255489021956087     
  0.79166666666666663       0.72255489021956087     
  0.79166666666666663       0.72055888223552900     
  0.79356060606060608       0.72055888223552900     
  0.79356060606060608       0.71856287425149701     
  0.79545454545454541       0.71856287425149701     
  0.79545454545454541       0.71656686626746502     
  0.79545454545454541       0.71457085828343314     
  0.79734848484848486       0.71457085828343314     
  0.79734848484848486       0.71257485029940115     
  0.79924242424242420       0.71257485029940115     
  0.79924242424242420       0.71057884231536927     
  0.80113636363636365       0.71057884231536927     
  0.80113636363636365       0.70858283433133729     
  0.80303030303030298       0.70858283433133729     
  0.80303030303030298       0.70658682634730541     
  0.80303030303030298       0.70459081836327342     
  0.80492424242424243       0.70459081836327342     
  0.80492424242424243       0.70259481037924154     
  0.80681818181818177       0.70259481037924154     
  0.80871212121212122       0.70259481037924154     
  0.80871212121212122       0.70059880239520955     
  0.81060606060606055       0.70059880239520955     
  0.81250000000000000       0.70059880239520955     
  0.81250000000000000       0.69860279441117767     
  0.81439393939393945       0.69860279441117767     
  0.81628787878787878       0.69860279441117767     
  0.81628787878787878       0.69660678642714569     
  0.81818181818181823       0.69660678642714569     
  0.82007575757575757       0.69660678642714569     
  0.82196969696969702       0.69660678642714569     
  0.82196969696969702       0.69461077844311381     
  0.82386363636363635       0.69461077844311381     
  0.82386363636363635       0.69261477045908182     
  0.82575757575757580       0.69261477045908182     
  0.82765151515151514       0.69261477045908182     
  0.82954545454545459       0.69261477045908182     
  0.82954545454545459       0.69061876247504994     
  0.83143939393939392       0.69061876247504994     
  0.83143939393939392       0.68862275449101795     
  0.83333333333333337       0.68862275449101795     
  0.83333333333333337       0.68662674650698607     
  0.83522727272727271       0.68662674650698607     
  0.83522727272727271       0.68463073852295409     
  0.83712121212121215       0.68463073852295409     
  0.83901515151515149       0.68463073852295409     
  0.83901515151515149       0.68263473053892221     
  0.83901515151515149       0.68063872255489022     
  0.84090909090909094       0.68063872255489022     
  0.84280303030303028       0.68063872255489022     
  0.84280303030303028       0.67864271457085823     
  0.84469696969696972       0.67864271457085823     
  0.84659090909090906       0.67864271457085823     
  0.84659090909090906       0.67664670658682635     
  0.84659090909090906       0.67465069860279436     
  0.84848484848484851       0.67465069860279436     
  0.85037878787878785       0.67465069860279436     
  0.85037878787878785       0.67265469061876249     
  0.85227272727272729       0.67265469061876249     
  0.85416666666666663       0.67265469061876249     
  0.85416666666666663       0.67065868263473050     
  0.85606060606060608       0.67065868263473050     
  0.85795454545454541       0.67065868263473050     
  0.85795454545454541       0.66866267465069862     
  0.85984848484848486       0.66866267465069862     
  0.86174242424242420       0.66866267465069862     
  0.86174242424242420       0.66666666666666663     
  0.86363636363636365       0.66666666666666663     
  0.86553030303030298       0.66666666666666663     
  0.86553030303030298       0.66467065868263475     
  0.86742424242424243       0.66467065868263475     
  0.86931818181818177       0.66467065868263475     
  0.87121212121212122       0.66467065868263475     
  0.87121212121212122       0.66267465069860276     
  0.87310606060606055       0.66267465069860276     
  0.87500000000000000       0.66267465069860276     
  0.87500000000000000       0.66067864271457089     
  0.87689393939393945       0.66067864271457089     
  0.87689393939393945       0.65868263473053890     
  0.87878787878787878       0.65868263473053890     
  0.88068181818181823       0.65868263473053890     
  0.88068181818181823       0.65668662674650702     
  0.88257575757575757       0.65668662674650702     
  0.88446969696969702       0.65668662674650702     
  0.88636363636363635       0.65668662674650702     
  0.88636363636363635       0.65469061876247503     
  0.88825757575757580       0.65469061876247503     
  0.89015151515151514       0.65469061876247503     
  0.89015151515151514       0.65269461077844315     
  0.89204545454545459       0.65269461077844315     
  0.89204545454545459       0.65069860279441116     
  0.89393939393939392       0.65069860279441116     
  0.89583333333333337       0.65069860279441116     
  0.89583333333333337       0.64870259481037928     
  0.89772727272727271       0.64870259481037928     
  0.89962121212121215       0.64870259481037928     
  0.89962121212121215       0.64670658682634730     
  0.90151515151515149       0.64670658682634730     
  0.90340909090909094       0.64670658682634730     
  0.90530303030303028       0.64670658682634730     
  0.90719696969696972       0.64670658682634730     
  0.90909090909090906       0.64670658682634730     
  0.91098484848484851       0.64670658682634730     
  0.91098484848484851       0.64471057884231542     
  0.91287878787878785       0.64471057884231542     
  0.91477272727272729       0.64471057884231542     
  0.91666666666666663       0.64471057884231542     
  0.91856060606060608       0.64471057884231542     
  0.92045454545454541       0.64471057884231542     
  0.92234848484848486       0.64471057884231542     
  0.92424242424242420       0.64471057884231542     
  0.92424242424242420       0.64271457085828343     
  0.92613636363636365       0.64271457085828343     
  0.92803030303030298       0.64271457085828343     
  0.92992424242424243       0.64271457085828343     
  0.93181818181818177       0.64271457085828343     
  0.93371212121212122       0.64271457085828343     
  0.93560606060606055       0.64271457085828343     
  0.93560606060606055       0.64071856287425155     
  0.93750000000000000       0.64071856287425155     
  0.93939393939393945       0.64071856287425155     
  0.94128787878787878       0.64071856287425155     
  0.94318181818181823       0.64071856287425155     
  0.94507575757575757       0.64071856287425155     
  0.94696969696969702       0.64071856287425155     
  0.94886363636363635       0.64071856287425155     
  0.95075757575757580       0.64071856287425155     
  0.95265151515151514       0.64071856287425155     
  0.95454545454545459       0.64071856287425155     
  0.95643939393939392       0.64071856287425155     
  0.95643939393939392       0.64271457085828343     
  0.95833333333333337       0.64271457085828343     
  0.95833333333333337       0.64471057884231542     
  0.96022727272727271       0.64471057884231542     
  0.96022727272727271       0.64670658682634730     
  0.96212121212121215       0.64670658682634730     
  0.96401515151515149       0.64670658682634730     
  0.96401515151515149       0.64870259481037928     
  0.96590909090909094       0.64870259481037928     
  0.96780303030303028       0.64870259481037928     
  0.96780303030303028       0.65069860279441116     
  0.96969696969696972       0.65069860279441116     
  0.96969696969696972       0.65269461077844315     
  0.97159090909090906       0.65269461077844315     
  0.97348484848484851       0.65269461077844315     
  0.97348484848484851       0.65469061876247503     
  0.97537878787878785       0.65469061876247503     
  0.97537878787878785       0.65668662674650702     
  0.97727272727272729       0.65668662674650702     
  0.97916666666666663       0.65668662674650702     
  0.97916666666666663       0.65868263473053890     
  0.98106060606060608       0.65868263473053890     
  0.98106060606060608       0.66067864271457089     
  0.98295454545454541       0.66067864271457089     
  0.98484848484848486       0.66067864271457089     
  0.98484848484848486       0.66267465069860276     
  0.98674242424242420       0.66267465069860276     
  0.98674242424242420       0.66467065868263475     
  0.98863636363636365       0.66467065868263475     
  0.99053030303030298       0.66467065868263475     
  0.99053030303030298       0.66666666666666663     
  0.99242424242424243       0.66666666666666663     
  0.99242424242424243       0.66866267465069862     
  0.99431818181818177       0.66866267465069862     
  0.99431818181818177       0.67065868263473050     
  0.99431818181818177       0.67265469061876249     
  0.99431818181818177       0.67465069860279436     
  0.99431818181818177       0.67664670658682635     
  0.99431818181818177       0.67864271457085823     
  0.99621212121212122       0.67864271457085823     
  0.99621212121212122       0.68063872255489022     
  0.99621212121212122       0.68263473053892221     
  0.99621212121212122       0.68463073852295409     
  0.99621212121212122       0.68662674650698607     
  0.99621212121212122       0.68862275449101795     
  0.99621212121212122       0.69061876247504994     
  0.99621212121212122       0.69261477045908182     
  0.99621212121212122       0.69461077844311381     
  0.99810606060606055       0.69461077844311381     
  0.99810606060606055       0.69660678642714569     
  0.99810606060606055       0.69860279441117767     
  0.99810606060606055       0.70059880239520955     
  0.99810606060606055       0.70259481037924154     
  0.99810606060606055       0.70459081836327342     
  0.99810606060606055       0.70658682634730541     
  0.99810606060606055       0.70858283433133729     
  0.99810606060606055       0.71057884231536927     
  0.99810606060606055       0.71257485029940115     
  0.99621212121212122       0.71257485029940115     
  0.99621212121212122       0.71457085828343314     
  0.99621212121212122       0.71656686626746502     
  0.99621212121212122       0.71856287425149701     
  0.99621212121212122       0.72055888223552900     
  0.99621212121212122       0.72255489021956087     
  0.99431818181818177       0.72255489021956087     
  0.99431818181818177       0.72455089820359286     
  0.99431818181818177       0.72654690618762474     
  0.99431818181818177       0.72854291417165673     
  0.99431818181818177       0.73053892215568861     
  0.99431818181818177       0.73253493013972060     
  0.99431818181818177       0.73453093812375247     
  0.99431818181818177       0.73652694610778446     
  0.99431818181818177       0.73852295409181634     
  0.99431818181818177       0.74051896207584833     
  0.99431818181818177       0.74251497005988021     
  0.99431818181818177       0.74451097804391220     
  0.99431818181818177       0.74650698602794407     
  0.99431818181818177       0.74850299401197606     
  0.99431818181818177       0.75049900199600794     
  0.99431818181818177       0.75249500998003993     
  0.99431818181818177       0.75449101796407181     
  0.99431818181818177       0.75648702594810380     
  0.99431818181818177       0.75848303393213568     
  0.99431818181818177       0.76047904191616766     
  0.99431818181818177       0.76247504990019965     
  0.99431818181818177       0.76447105788423153     
  0.99431818181818177       0.76646706586826352     
  0.99431818181818177       0.76846307385229540     
  0.99431818181818177       0.77045908183632739     
  0.99431818181818177       0.77245508982035926     
  0.99431818181818177       0.77445109780439125     
  0.99242424242424243       0.77445109780439125     
  0.99242424242424243       0.77644710578842313     
  0.99242424242424243       0.77844311377245512     
  0.99242424242424243       0.78043912175648700     
  0.99242424242424243       0.78243512974051899     
  0.99053030303030298       0.78243512974051899     
  0.99053030303030298       0.78443113772455086     
  0.99053030303030298       0.78642714570858285     
  0.99053030303030298       0.78842315369261473     
  0.99053030303030298       0.79041916167664672     
  0.98863636363636365       0.79041916167664672     
  0.98863636363636365       0.79241516966067860     
  0.98863636363636365       0.79441117764471059     
  0.98863636363636365       0.79640718562874246     
  0.98863636363636365       0.79840319361277445     
  0.98863636363636365       0.80039920159680644     
  0.98674242424242420       0.80039920159680644     
  0.98674242424242420       0.80239520958083832     
  0.98674242424242420       0.80439121756487031     
  0.98674242424242420       0.80638722554890219     
  0.98674242424242420       0.80838323353293418     
  0.98484848484848486       0.80838323353293418     
  0.98484848484848486       0.81037924151696605     
  0.98484848484848486       0.81237524950099804     
  0.98484848484848486       0.81437125748502992     
  0.98484848484848486       0.81636726546906191     
  0.98484848484848486       0.81836327345309379     
  0.98484848484848486       0.82035928143712578     
  0.98484848484848486       0.82235528942115765     
  0.98484848484848486       0.82435129740518964     
  0.98484848484848486       0.82634730538922152     
  0.98484848484848486       0.82834331337325351     
  0.98484848484848486       0.83033932135728539     
  0.98484848484848486       0.83233532934131738     
  0.98484848484848486       0.83433133732534925     
  0.98484848484848486       0.83632734530938124     
  0.98484848484848486       0.83832335329341312     
  0.98484848484848486       0.84031936127744511     
  0.98484848484848486       0.84231536926147710     
  0.98484848484848486       0.84431137724550898     
  0.98484848484848486       0.84630738522954096     
  0.98484848484848486       0.84830339321357284     
  0.98295454545454541       0.84830339321357284     
  0.98295454545454541       0.85029940119760483     
  0.98295454545454541       0.85229540918163671     
  0.98295454545454541       0.85429141716566870     
  0.98295454545454541       0.85628742514970058     
  0.98295454545454541       0.85828343313373257     
  0.98295454545454541       0.86027944111776444     
  0.98106060606060608       0.86027944111776444     
  0.98106060606060608       0.86227544910179643     
  0.98106060606060608       0.86427145708582831     
  0.98106060606060608       0.86626746506986030     
  0.98106060606060608       0.86826347305389218     
  0.98106060606060608       0.87025948103792417     
  0.98106060606060608       0.87225548902195604     
  0.98106060606060608       0.87425149700598803     
  0.98106060606060608       0.87624750499001991     
  0.97916666666666663       0.87624750499001991     
  0.97916666666666663       0.87824351297405190     
  0.97916666666666663       0.88023952095808389     
  0.97916666666666663       0.88223552894211577     
  0.97916666666666663       0.88423153692614775     
  0.97727272727272729       0.88423153692614775     
  0.97727272727272729       0.88622754491017963     
  0.97727272727272729       0.88822355289421162     
  0.97727272727272729       0.89021956087824350     
  0.97537878787878785       0.89021956087824350     
  0.97537878787878785       0.89221556886227549     
  0.97537878787878785       0.89421157684630737     
  0.97348484848484851       0.89421157684630737     
  0.97348484848484851       0.89620758483033935     
  0.97348484848484851       0.89820359281437123     
  0.97348484848484851       0.90019960079840322     
  0.97159090909090906       0.90019960079840322     
  0.97159090909090906       0.90219560878243510     
  0.97159090909090906       0.90419161676646709     
  0.97159090909090906       0.90618762475049897     
  0.96969696969696972       0.90618762475049897     
  0.96969696969696972       0.90818363273453095     
  0.96969696969696972       0.91017964071856283     
  0.96780303030303028       0.91017964071856283     
  0.96780303030303028       0.91217564870259482     
  0.96780303030303028       0.91417165668662670     
  0.96780303030303028       0.91616766467065869     
  0.96590909090909094       0.91616766467065869     
  0.96590909090909094       0.91816367265469057     
  0.96590909090909094       0.92015968063872255     
  0.96590909090909094       0.92215568862275454     
  0.96590909090909094       0.92415169660678642     
  0.96401515151515149       0.92415169660678642     
  0.96401515151515149       0.92614770459081841     
  0.96401515151515149       0.92814371257485029     
  0.96401515151515149       0.93013972055888228     
  0.96212121212121215       0.93013972055888228     
  0.96212121212121215       0.93213572854291415     
  0.96212121212121215       0.93413173652694614     
  0.96022727272727271       0.93413173652694614     
  0.96022727272727271       0.93612774451097802     
  0.96022727272727271       0.93812375249501001     
  0.96022727272727271       0.94011976047904189     
  0.96022727272727271       0.94211576846307388     
  0.96022727272727271       0.94411177644710575     
  0.95833333333333337       0.94411177644710575     
  0.95833333333333337       0.94610778443113774     
  0.95833333333333337       0.94810379241516962     
  0.95643939393939392       0.94810379241516962     
  0.95643939393939392       0.95009980039920161     
  0.95643939393939392       0.95209580838323349     
  0.95643939393939392       0.95409181636726548     
  0.95643939393939392       0.95608782435129736     
  0.95454545454545459       0.95608782435129736     
  0.95454545454545459       0.95808383233532934     
  0.95454545454545459       0.96007984031936133     
  0.95454545454545459       0.96207584830339321     
  0.95454545454545459       0.96407185628742520     
  0.95265151515151514       0.96407185628742520     
  0.95265151515151514       0.96606786427145708     
  0.95265151515151514       0.96806387225548907     
  0.95265151515151514       0.97005988023952094     
  0.95265151515151514       0.97205588822355293     
  0.95265151515151514       0.97405189620758481     
  0.95265151515151514       0.97604790419161680     
  0.95075757575757580       0.97604790419161680     
  0.95075757575757580       0.97804391217564868     
  0.95075757575757580       0.98003992015968067     
  0.95075757575757580       0.98203592814371254     
  0.95075757575757580       0.98403193612774453     
  0.94886363636363635       0.98403193612774453     
  0.94886363636363635       0.98602794411177641     
  0.94886363636363635       0.98802395209580840     
  0.94886363636363635       0.99001996007984028     
  0.94886363636363635       0.99201596806387227     
  0.94696969696969702       0.99201596806387227     
  0.94696969696969702       0.99401197604790414     
  0.94696969696969702       0.99600798403193613     
  0.94696969696969702       0.99800399201596801     
  0.94696969696969702        1.0000000000000000             
